Communication timer, comunication counter, latest time of propagation, number of nodes spread, number of positive ack, number of negative ack, number of requests
21,1,0,0,0,1,0
21,2,0,0,0,2,0
21,3,0,0,0,3,0
21,4,0,0,0,4,0
21,5,0,0,0,5,0
21,6,0,0,0,6,0
21,7,0,0,0,7,0
21,8,0,0,0,8,0
21,9,0,0,0,9,0
21,10,0,0,0,10,0
21,11,0,0,0,11,0
21,12,0,0,0,12,0
21,13,0,0,0,13,0
21,14,0,0,0,14,0
21,15,0,0,0,15,0
21,16,0,0,0,16,0
21,17,0,0,0,17,0
21,18,0,0,0,18,0
21,19,0,0,0,19,0
21,20,0,0,0,20,0
21,21,0,0,0,21,0
21,22,0,0,0,22,0
21,23,0,0,0,23,0
21,24,0,0,0,24,0
21,25,0,0,0,25,0
21,26,0,0,0,26,0
21,27,0,0,0,27,0
21,28,0,0,0,28,0
21,29,0,0,0,29,0
21,30,0,0,0,30,0
21,31,0,0,0,31,0
21,32,0,0,0,32,0
21,33,0,0,0,33,0
21,34,0,0,0,34,0
21,35,0,0,0,35,0
21,36,0,0,0,36,0
21,37,0,0,0,37,0
21,38,0,0,0,38,0
21,39,0,0,0,39,0
21,40,0,0,0,40,0
21,41,0,0,0,41,0
21,42,0,0,0,42,0
21,43,0,0,0,43,0
21,44,0,0,0,44,0
21,45,0,0,0,45,0
21,46,0,0,0,46,0
21,47,0,0,0,47,0
21,48,0,0,0,48,0
21,49,0,0,0,49,0
21,50,0,0,0,50,0
21,51,0,0,0,51,0
21,52,0,0,0,52,0
21,53,0,0,0,53,0
21,54,0,0,0,54,0
21,55,0,0,0,55,0
21,56,0,0,0,56,0
21,57,0,0,0,57,0
21,58,0,0,0,58,0
21,59,0,0,0,59,0
21,60,0,0,0,60,0
21,61,0,0,0,61,0
21,62,0,0,0,62,0
21,63,0,0,0,63,0
21,64,0,0,0,64,0
21,65,0,0,0,65,0
21,66,0,0,0,66,0
21,67,0,0,0,67,0
21,68,0,0,0,68,0
21,69,0,0,1,68,0
21,70,0,0,1,69,0
21,71,0,0,1,70,0
21,72,0,0,1,71,0
21,73,0,0,1,72,0
21,74,0,0,1,73,0
21,75,0,0,1,74,0
21,76,0,0,1,75,0
21,77,0,0,1,76,0
21,78,0,0,1,77,0
21,79,0,0,1,78,0
21,80,0,0,1,79,0
21,81,0,0,1,80,0
21,82,0,0,1,81,0
21,83,0,0,1,82,0
21,84,0,0,1,83,0
21,85,0,0,1,84,0
21,86,0,0,1,85,0
21,87,0,0,1,86,0
21,88,0,0,1,87,0
21,89,0,0,1,88,0
21,90,0,0,1,89,0
21,91,0,0,1,90,0
21,92,0,0,1,91,0
21,93,0,0,1,92,0
21,94,0,0,1,93,0
21,95,0,0,1,94,0
21,96,0,0,1,95,0
21,97,0,0,1,96,0
21,98,0,0,1,97,0
21,99,0,0,1,98,0
21,100,0,0,1,99,0
21,101,0,0,1,100,0
21,102,0,0,1,101,0
21,103,0,0,1,102,0
21,104,0,0,1,103,0
21,105,0,0,1,104,0
21,106,0,0,1,105,0
21,107,0,0,1,106,0
21,108,0,0,1,107,0
21,109,0,0,1,108,0
21,110,0,0,1,109,0
21,111,0,0,1,110,0
21,112,0,0,1,111,0
21,113,0,0,1,112,0
21,114,0,0,1,113,0
21,115,0,0,1,114,0
21,116,0,0,1,115,0
21,117,0,0,1,116,0
21,118,0,0,1,117,0
21,119,0,0,1,118,0
21,120,0,0,1,119,0
21,121,0,0,1,120,0
21,122,0,0,1,121,0
25,123,0,0,1,122,0
25,124,0,0,1,123,0
25,125,0,0,1,124,0
25,126,0,0,1,125,0
25,127,0,0,1,126,0
25,128,0,0,1,127,0
25,129,0,0,1,128,0
25,130,0,0,1,129,0
25,131,0,0,1,130,0
25,132,0,0,1,131,0
25,133,0,0,1,132,0
25,134,0,0,1,133,0
25,135,0,0,1,134,0
25,136,0,0,1,135,0
25,138,25,1,1,136,0
25,139,25,1,1,137,0
25,140,25,1,1,138,0
25,141,25,1,1,139,0
25,142,25,1,1,140,0
25,143,25,1,1,141,0
25,144,25,1,1,142,0
25,145,25,1,1,143,0
25,146,25,1,1,144,0
25,147,25,1,1,145,0
25,148,25,1,1,146,0
25,149,25,1,1,147,0
25,150,25,1,1,148,0
25,151,25,1,1,149,0
25,152,25,1,1,150,0
25,153,25,1,1,151,0
25,154,25,1,1,152,0
25,155,25,1,1,153,0
25,156,25,1,1,154,0
25,157,25,1,1,155,0
25,158,25,1,1,156,0
25,159,25,1,1,157,0
25,160,25,1,1,158,0
25,161,25,1,1,159,0
25,162,25,1,1,160,0
25,163,25,1,1,161,0
25,164,25,1,1,162,0
25,165,25,1,1,163,0
25,166,25,1,1,164,0
25,167,25,1,1,165,0
25,168,25,1,1,166,0
25,169,25,1,1,167,0
25,170,25,1,1,168,0
25,171,25,1,1,169,0
25,172,25,1,1,170,0
25,173,25,1,1,171,0
25,174,25,1,1,172,0
25,175,25,1,1,173,0
25,176,25,1,1,174,0
25,177,25,1,1,175,0
25,178,25,1,1,176,0
25,179,25,1,1,177,0
25,180,25,1,1,178,0
25,181,25,1,1,179,0
25,182,25,1,1,180,0
25,183,25,1,1,181,0
25,184,25,1,1,182,0
25,185,25,1,1,183,0
25,186,25,1,1,184,0
25,187,25,1,1,185,0
25,188,25,1,1,186,0
25,189,25,1,1,187,0
25,190,25,1,1,188,0
25,191,25,1,1,189,0
25,192,25,1,1,190,0
25,193,25,1,1,191,0
25,194,25,1,1,192,0
25,195,25,1,1,193,0
25,196,25,1,1,194,0
25,197,25,1,1,195,0
25,198,25,1,1,196,0
25,199,25,1,1,197,0
25,200,25,1,1,198,0
25,201,25,1,1,199,0
25,202,25,1,1,200,0
25,203,25,1,1,201,0
25,204,25,1,1,202,0
25,205,25,1,1,203,0
25,206,25,1,1,204,0
25,207,25,1,1,205,0
25,208,25,1,1,206,0
25,209,25,1,1,207,0
25,210,25,1,1,208,0
25,211,25,1,1,209,0
25,212,25,1,1,210,0
25,213,25,1,1,211,0
25,214,25,1,1,212,0
25,215,25,1,1,213,0
25,216,25,1,1,214,0
25,217,25,1,1,215,0
25,218,25,1,1,216,0
25,219,25,1,1,217,0
25,220,25,1,1,218,0
25,221,25,1,1,219,0
25,222,25,1,1,220,0
25,223,25,1,1,221,0
25,224,25,1,1,222,0
25,225,25,1,1,223,0
25,226,25,1,1,224,0
25,227,25,1,1,225,0
25,228,25,1,1,226,0
25,229,25,1,1,227,0
25,230,25,1,1,228,0
25,231,25,1,1,229,0
25,232,25,1,1,230,0
25,233,25,1,1,231,0
25,234,25,1,1,232,0
25,235,25,1,1,233,0
25,236,25,1,1,234,0
25,237,25,1,1,235,0
25,238,25,1,1,236,0
25,239,25,1,1,237,0
25,240,25,1,1,238,0
28,241,25,1,1,239,0
28,242,25,1,1,240,0
28,243,25,1,1,241,0
28,244,25,1,1,242,0
28,245,25,1,1,243,0
28,246,25,1,1,244,0
28,247,25,1,1,245,0
28,248,25,1,1,246,0
28,249,25,1,1,247,0
28,250,25,1,1,248,0
28,251,25,1,1,249,0
28,252,25,1,1,250,0
28,253,25,1,1,251,0
28,254,25,1,1,252,0
28,255,25,1,1,253,0
28,256,25,1,1,254,0
28,257,25,1,1,255,0
28,258,25,1,1,256,0
28,259,25,1,1,257,0
28,260,25,1,1,258,0
28,261,25,1,1,259,0
28,262,25,1,1,260,0
28,263,25,1,1,261,0
28,264,25,1,1,262,0
28,265,25,1,1,263,0
28,266,25,1,1,264,0
28,267,25,1,1,265,0
28,268,25,1,1,266,0
28,269,25,1,1,267,0
28,270,25,1,1,268,0
28,271,25,1,1,269,0
28,272,25,1,1,270,0
28,273,25,1,1,271,0
28,274,25,1,1,272,0
29,275,25,1,1,273,0
29,276,25,1,1,274,0
29,277,25,1,1,275,0
29,278,25,1,1,276,0
29,279,25,1,1,277,0
29,280,25,1,1,278,0
29,281,25,1,1,279,0
29,282,25,1,1,280,0
29,283,25,1,1,281,0
29,284,25,1,1,282,0
29,285,25,1,1,283,0
29,286,25,1,1,284,0
29,287,25,1,1,285,0
29,288,25,1,1,286,0
29,289,25,1,1,287,0
29,290,25,1,1,288,0
29,291,25,1,1,289,0
29,292,25,1,1,290,0
29,293,25,1,1,291,0
29,294,25,1,1,292,0
29,295,25,1,1,293,0
29,296,25,1,1,294,0
29,297,25,1,1,295,0
29,298,25,1,1,296,0
29,299,25,1,1,297,0
29,300,25,1,1,298,0
29,301,25,1,1,299,0
29,302,25,1,1,300,0
29,303,25,1,1,301,0
29,304,25,1,1,302,0
29,305,25,1,1,303,0
29,306,25,1,1,304,0
29,307,25,1,1,305,0
29,308,25,1,1,306,0
29,309,25,1,1,307,0
29,310,25,1,1,308,0
29,311,25,1,1,309,0
29,312,25,1,1,310,0
29,313,25,1,1,311,0
29,314,25,1,1,312,0
29,315,25,1,1,313,0
29,316,25,1,1,314,0
29,317,25,1,1,315,0
29,318,25,1,1,316,0
29,319,25,1,1,317,0
29,320,25,1,1,318,0
29,321,25,1,1,319,0
29,322,25,1,1,320,0
29,323,25,1,1,321,0
29,324,25,1,1,322,0
29,325,25,1,1,323,0
29,326,25,1,1,324,0
29,327,25,1,1,325,0
29,328,25,1,1,326,0
29,329,25,1,1,327,0
29,330,25,1,1,328,0
29,331,25,1,1,329,0
30,332,25,1,1,330,0
30,333,25,1,1,331,0
30,334,25,1,1,332,0
30,335,25,1,1,333,0
30,336,25,1,1,334,0
30,337,25,1,1,335,0
30,338,25,1,1,336,0
30,339,25,1,1,337,0
30,340,25,1,1,338,0
30,341,25,1,1,339,0
30,342,25,1,1,340,0
30,343,25,1,1,341,0
30,344,25,1,1,342,0
30,345,25,1,1,343,0
30,346,25,1,1,344,0
30,347,25,1,1,345,0
30,348,25,1,1,346,0
30,349,25,1,1,347,0
30,350,25,1,1,348,0
30,351,25,1,1,349,0
30,352,25,1,1,350,0
30,353,25,1,1,351,0
30,354,25,1,1,352,0
30,355,25,1,1,353,0
30,356,25,1,1,354,0
30,357,25,1,1,355,0
30,358,25,1,1,356,0
30,359,25,1,1,357,0
30,360,25,1,1,358,0
30,361,25,1,1,359,0
30,362,25,1,1,360,0
30,363,25,1,1,361,0
30,364,25,1,1,362,0
30,365,25,1,1,363,0
30,366,25,1,1,364,0
31,367,25,1,1,365,0
31,368,25,1,1,366,0
31,369,25,1,1,367,0
31,370,25,1,1,368,0
31,371,25,1,1,369,0
31,372,25,1,1,370,0
31,373,25,1,1,371,0
31,374,25,1,1,372,0
31,375,25,1,1,373,0
31,376,25,1,1,374,0
31,377,25,1,1,375,0
31,378,25,1,1,376,0
31,379,25,1,1,377,0
31,380,25,1,1,378,0
31,381,25,1,1,379,0
31,382,25,1,1,380,0
31,383,25,1,1,381,0
31,384,25,1,1,382,0
31,385,25,1,1,383,0
31,386,25,1,1,384,0
31,387,25,1,1,385,0
31,388,25,1,1,386,0
31,389,25,1,1,387,0
31,390,25,1,1,388,0
31,391,25,1,1,389,0
31,392,25,1,1,390,0
31,393,25,1,1,391,0
31,394,25,1,1,392,0
31,395,25,1,1,393,0
60,396,25,1,1,394,0
60,397,25,1,1,395,0
60,398,25,1,1,396,0
60,399,25,1,1,397,0
60,400,25,1,1,398,0
60,401,25,1,1,399,0
60,402,25,1,1,400,0
60,403,25,1,1,401,0
60,404,25,1,1,402,0
60,405,25,1,1,403,0
60,406,25,1,1,404,0
60,407,25,1,1,405,0
60,408,25,1,1,406,0
60,409,25,1,1,407,0
60,410,25,1,1,408,0
60,411,25,1,1,409,0
60,412,25,1,1,410,0
60,413,25,1,1,411,0
79,414,25,1,1,412,0
79,415,25,1,1,413,0
79,416,25,1,1,414,0
79,417,25,1,1,415,0
79,418,25,1,1,416,0
79,419,25,1,1,417,0
79,420,25,1,1,418,0
79,421,25,1,1,419,0
79,422,25,1,1,420,0
79,423,25,1,1,421,0
79,424,25,1,1,422,0
79,425,25,1,1,423,0
145,426,25,1,1,424,0
145,427,25,1,1,425,0
145,428,25,1,1,426,0
145,429,25,1,1,427,0
145,430,25,1,1,428,0
145,431,25,1,1,429,0
145,432,25,1,1,430,0
145,433,25,1,1,431,0
145,434,25,1,1,432,0
145,435,25,1,1,433,0
145,436,25,1,1,434,0
145,437,25,1,1,435,0
145,438,25,1,1,436,0
145,439,25,1,1,437,0
145,440,25,1,1,438,0
145,442,145,2,1,439,0
145,443,145,2,1,440,0
145,444,145,2,1,441,0
145,445,145,2,1,442,0
145,446,145,2,1,443,0
145,447,145,2,1,444,0
145,448,145,2,1,445,0
145,449,145,2,1,446,0
145,450,145,2,1,447,0
145,451,145,2,1,448,0
145,452,145,2,1,449,0
145,453,145,2,1,450,0
145,454,145,2,1,451,0
145,455,145,2,1,452,0
145,456,145,2,1,453,0
145,457,145,2,1,454,0
145,458,145,2,1,455,0
145,459,145,2,1,456,0
145,460,145,2,1,457,0
145,461,145,2,1,458,0
145,462,145,2,1,459,0
145,463,145,2,1,460,0
145,464,145,2,1,461,0
145,465,145,2,1,462,0
145,466,145,2,1,463,0
145,467,145,2,1,464,0
145,468,145,2,1,465,0
145,469,145,2,1,466,0
145,470,145,2,1,467,0
145,471,145,2,1,468,0
145,472,145,2,1,469,0
145,473,145,2,1,470,0
145,474,145,2,1,471,0
145,475,145,2,1,472,0
145,476,145,2,1,473,0
145,477,145,2,1,474,0
145,478,145,2,1,475,0
145,479,145,2,1,476,0
145,480,145,2,1,477,0
145,481,145,2,1,478,0
145,482,145,2,1,479,0
145,483,145,2,1,480,0
145,484,145,2,1,481,0
145,485,145,2,1,482,0
145,486,145,2,1,483,0
145,487,145,2,1,484,0
145,488,145,2,1,485,0
145,489,145,2,1,486,0
145,490,145,2,1,487,0
145,491,145,2,1,488,0
145,492,145,2,1,489,0
145,493,145,2,1,490,0
145,494,145,2,1,491,0
145,495,145,2,1,492,0
145,496,145,2,1,493,0
145,497,145,2,1,494,0
145,498,145,2,1,495,0
145,499,145,2,1,496,0
145,500,145,2,1,497,0
145,501,145,2,1,498,0
145,502,145,2,1,499,0
145,503,145,2,1,500,0
145,504,145,2,1,501,0
145,505,145,2,1,502,0
145,506,145,2,1,503,0
145,507,145,2,1,504,0
145,508,145,2,1,505,0
145,509,145,2,1,506,0
145,510,145,2,1,507,0
145,511,145,2,1,508,0
145,512,145,2,1,509,0
145,513,145,2,1,510,0
145,514,145,2,1,511,0
145,515,145,2,1,512,0
145,516,145,2,1,513,0
145,517,145,2,1,514,0
145,518,145,2,1,515,0
145,519,145,2,1,516,0
145,520,145,2,1,517,0
145,521,145,2,1,518,0
145,522,145,2,1,519,0
145,523,145,2,1,520,0
145,524,145,2,1,521,0
145,525,145,2,1,522,0
145,526,145,2,1,523,0
145,527,145,2,1,524,0
145,528,145,2,1,525,0
145,529,145,2,1,526,0
145,530,145,2,1,527,0
145,531,145,2,1,528,0
145,532,145,2,1,529,0
145,533,145,2,1,530,0
145,534,145,2,1,531,0
145,535,145,2,1,532,0
145,536,145,2,1,533,0
145,537,145,2,1,534,0
145,538,145,2,1,535,0
145,539,145,2,1,536,0
145,540,145,2,1,537,0
145,541,145,2,1,538,0
145,542,145,2,1,539,0
145,543,145,2,1,540,0
145,544,145,2,1,541,0
145,545,145,2,1,542,0
145,546,145,2,1,543,0
145,547,145,2,1,544,0
145,548,145,2,1,545,0
145,549,145,2,1,546,0
145,550,145,2,1,547,0
145,551,145,2,1,548,0
145,552,145,2,1,549,0
145,553,145,2,1,550,0
145,554,145,2,1,551,0
145,555,145,2,1,552,0
145,556,145,2,1,553,0
145,557,145,2,1,554,0
145,558,145,2,1,555,0
145,559,145,2,1,556,0
145,560,145,2,1,557,0
145,561,145,2,1,558,0
145,563,145,3,1,559,0
145,564,145,3,1,560,0
145,565,145,3,1,561,0
145,566,145,3,1,562,0
145,567,145,3,1,563,0
145,568,145,3,1,564,0
145,569,145,3,1,565,0
145,570,145,3,1,566,0
145,571,145,3,1,567,0
145,572,145,3,1,568,0
145,573,145,3,1,569,0
145,574,145,3,1,570,0
145,575,145,3,1,571,0
145,576,145,3,1,572,0
145,577,145,3,1,573,0
145,578,145,3,1,574,0
145,579,145,3,1,575,0
145,580,145,3,1,576,0
145,581,145,3,1,577,0
145,582,145,3,1,578,0
145,583,145,3,1,579,0
145,584,145,3,1,580,0
145,585,145,3,1,581,0
145,586,145,3,1,582,0
145,587,145,3,1,583,0
145,588,145,3,1,584,0
145,589,145,3,1,585,0
145,590,145,3,1,586,0
145,591,145,3,1,587,0
145,592,145,3,1,588,0
145,593,145,3,1,589,0
145,594,145,3,1,590,0
145,595,145,3,1,591,0
145,596,145,3,1,592,0
145,597,145,3,1,593,0
145,598,145,3,1,594,0
145,599,145,3,1,595,0
145,600,145,3,1,596,0
145,601,145,3,1,597,0
145,602,145,3,1,598,0
145,603,145,3,1,599,0
145,604,145,3,1,600,0
145,605,145,3,1,601,0
145,606,145,3,1,602,0
145,607,145,3,1,603,0
145,608,145,3,1,604,0
145,609,145,3,1,605,0
145,610,145,3,1,606,0
145,611,145,3,1,607,0
145,612,145,3,1,608,0
145,613,145,3,1,609,0
145,614,145,3,1,610,0
145,615,145,3,1,611,0
145,616,145,3,1,612,0
145,617,145,3,1,613,0
145,618,145,3,1,614,0
145,619,145,3,1,615,0
145,620,145,3,1,616,0
145,621,145,3,1,617,0
145,622,145,3,1,618,0
145,623,145,3,1,619,0
145,624,145,3,1,620,0
145,625,145,3,1,621,0
145,626,145,3,1,622,0
145,627,145,3,1,623,0
145,628,145,3,1,624,0
145,629,145,3,1,625,0
145,630,145,3,1,626,0
145,631,145,3,1,627,0
145,632,145,3,1,628,0
145,633,145,3,1,629,0
145,634,145,3,1,630,0
145,635,145,3,1,631,0
145,636,145,3,1,632,0
145,637,145,3,1,633,0
145,638,145,3,1,634,0
145,639,145,3,1,635,0
145,640,145,3,1,636,0
145,641,145,3,1,637,0
145,642,145,3,1,638,0
145,643,145,3,1,639,0
145,644,145,3,1,640,0
145,645,145,3,1,641,0
145,646,145,3,1,642,0
145,647,145,3,1,643,0
145,648,145,3,1,644,0
145,649,145,3,1,645,0
145,650,145,3,1,646,0
145,651,145,3,1,647,0
145,652,145,3,1,648,0
145,653,145,3,1,649,0
145,654,145,3,1,650,0
145,655,145,3,1,651,0
145,656,145,3,1,652,0
145,657,145,3,1,653,0
145,658,145,3,1,654,0
145,659,145,3,1,655,0
145,660,145,3,1,656,0
145,661,145,3,1,657,0
145,662,145,3,1,658,0
145,663,145,3,1,659,0
145,664,145,3,1,660,0
145,665,145,3,1,661,0
145,666,145,3,1,662,0
145,667,145,3,1,663,0
145,668,145,3,1,664,0
145,669,145,3,1,665,0
145,670,145,3,1,666,0
145,671,145,3,1,667,0
145,672,145,3,1,668,0
145,673,145,3,1,669,0
145,674,145,3,1,670,0
145,675,145,3,1,671,0
145,676,145,3,1,672,0
145,677,145,3,1,673,0
145,678,145,3,1,674,0
145,679,145,3,1,675,0
145,680,145,3,1,676,0
145,681,145,3,1,677,0
145,682,145,3,1,678,0
145,683,145,3,1,679,0
145,684,145,3,1,680,0
145,685,145,3,1,681,0
145,686,145,3,1,682,0
145,687,145,3,1,683,0
145,688,145,3,1,684,0
145,689,145,3,1,685,0
145,690,145,3,1,686,0
145,691,145,3,1,687,0
145,692,145,3,1,688,0
145,693,145,3,1,689,0
145,694,145,3,1,690,0
145,695,145,3,1,691,0
145,696,145,3,1,692,0
145,697,145,3,1,693,0
145,698,145,3,1,694,0
145,699,145,3,1,695,0
145,700,145,3,1,696,0
145,701,145,3,1,697,0
145,702,145,3,1,698,0
145,703,145,3,1,699,0
145,704,145,3,1,700,0
145,705,145,3,1,701,0
145,706,145,3,1,702,0
145,707,145,3,1,703,0
145,708,145,3,1,704,0
145,709,145,3,1,705,0
145,710,145,3,1,706,0
145,711,145,3,1,707,0
145,712,145,3,1,708,0
145,713,145,3,1,709,0
145,714,145,3,1,710,0
145,715,145,3,1,711,0
145,716,145,3,1,712,0
145,717,145,3,1,713,0
145,718,145,3,1,714,0
145,719,145,3,1,715,0
145,720,145,3,1,716,0
145,721,145,3,1,717,0
145,722,145,3,1,718,0
145,723,145,3,1,719,0
145,724,145,3,1,720,0
145,725,145,3,1,721,0
145,726,145,3,1,722,0
145,727,145,3,1,723,0
145,728,145,3,1,724,0
145,729,145,3,1,725,0
145,730,145,3,1,726,0
145,731,145,3,1,727,0
145,732,145,3,1,728,0
145,733,145,3,1,729,0
145,734,145,3,1,730,0
145,735,145,3,1,731,0
145,736,145,3,1,732,0
145,737,145,3,1,733,0
145,738,145,3,1,734,0
145,739,145,3,1,735,0
145,740,145,3,1,736,0
145,741,145,3,1,737,0
145,742,145,3,1,738,0
145,743,145,3,1,739,0
145,744,145,3,1,740,0
150,745,145,3,1,741,0
150,746,145,3,1,742,0
150,747,145,3,1,743,0
150,748,145,3,1,744,0
150,749,145,3,1,745,0
150,750,145,3,1,746,0
150,751,145,3,1,747,0
150,752,145,3,1,748,0
150,753,145,3,1,749,0
150,754,145,3,1,750,0
150,755,145,3,1,751,0
150,756,145,3,1,752,0
150,757,145,3,1,753,0
150,758,145,3,1,754,0
150,759,145,3,1,755,0
150,760,145,3,1,756,0
150,761,145,3,1,757,0
150,762,145,3,1,758,0
150,763,145,3,1,759,0
150,764,145,3,1,760,0
150,765,145,3,1,761,0
150,766,145,3,1,762,0
150,767,145,3,1,763,0
150,768,145,3,1,764,0
150,769,145,3,1,765,0
150,770,145,3,1,766,0
150,771,145,3,1,767,0
150,772,145,3,1,768,0
150,773,145,3,1,769,0
150,774,145,3,1,770,0
150,775,145,3,1,771,0
150,776,145,3,1,772,0
150,777,145,3,1,773,0
150,778,145,3,1,774,0
150,779,145,3,1,775,0
150,780,145,3,1,776,0
150,781,145,3,1,777,0
150,782,145,3,1,778,0
150,783,145,3,1,779,0
150,784,145,3,1,780,0
150,785,145,3,1,781,0
150,786,145,3,1,782,0
150,787,145,3,1,783,0
150,788,145,3,1,784,0
150,789,145,3,1,785,0
150,790,145,3,1,786,0
150,791,145,3,1,787,0
150,792,145,3,1,788,0
150,793,145,3,1,789,0
150,794,145,3,1,790,0
150,795,145,3,1,791,0
150,796,145,3,1,792,0
150,797,145,3,1,793,0
150,798,145,3,1,794,0
150,799,145,3,1,795,0
150,800,145,3,1,796,0
150,801,145,3,1,797,0
150,802,145,3,1,798,0
150,803,145,3,1,799,0
150,804,145,3,1,800,0
150,805,145,3,1,801,0
150,806,145,3,1,802,0
150,807,145,3,1,803,0
150,808,145,3,1,804,0
150,809,145,3,1,805,0
150,810,145,3,1,806,0
150,811,145,3,1,807,0
150,812,145,3,1,808,0
150,813,145,3,1,809,0
150,814,145,3,1,810,0
150,815,145,3,1,811,0
150,816,145,3,1,812,0
150,817,145,3,1,813,0
150,818,145,3,1,814,0
150,819,145,3,1,815,0
150,820,145,3,1,816,0
150,821,145,3,1,817,0
150,822,145,3,1,818,0
150,823,145,3,1,819,0
150,824,145,3,1,820,0
150,825,145,3,1,821,0
150,826,145,3,1,822,0
150,827,145,3,1,823,0
150,828,145,3,1,824,0
150,829,145,3,1,825,0
150,830,145,3,1,826,0
150,831,145,3,1,827,0
150,832,145,3,1,828,0
150,833,145,3,1,829,0
150,834,145,3,1,830,0
150,835,145,3,1,831,0
150,836,145,3,1,832,0
150,837,145,3,1,833,0
150,838,145,3,1,834,0
150,839,145,3,1,835,0
150,840,145,3,1,836,0
150,841,145,3,1,837,0
150,842,145,3,1,838,0
150,843,145,3,1,839,0
150,844,145,3,1,840,0
150,845,145,3,1,841,0
150,846,145,3,1,842,0
150,847,145,3,1,843,0
150,848,145,3,1,844,0
150,849,145,3,1,845,0
150,850,145,3,1,846,0
150,851,145,3,1,847,0
150,852,145,3,1,848,0
150,853,145,3,1,849,0
150,854,145,3,1,850,0
150,855,145,3,1,851,0
150,856,145,3,1,852,0
150,857,145,3,1,853,0
150,858,145,3,1,854,0
150,859,145,3,1,855,0
150,860,145,3,1,856,0
150,861,145,3,1,857,0
150,862,145,3,1,858,0
150,863,145,3,1,859,0
150,864,145,3,1,860,0
150,865,145,3,1,861,0
150,866,145,3,1,862,0
150,867,145,3,1,863,0
179,868,145,3,1,864,0
179,869,145,3,1,865,0
179,870,145,3,1,866,0
179,871,145,3,1,867,0
179,872,145,3,1,868,0
179,873,145,3,1,869,0
179,874,145,3,1,870,0
179,875,145,3,1,871,0
179,876,145,3,1,872,0
179,877,145,3,1,873,0
179,878,145,3,1,874,0
179,879,145,3,1,875,0
179,880,145,3,1,876,0
179,881,145,3,1,877,0
179,882,145,3,1,878,0
179,883,145,3,1,879,0
179,884,145,3,1,880,0
179,885,145,3,1,881,0
179,886,145,3,1,882,0
200,887,145,3,1,883,0
200,888,145,3,1,884,0
200,889,145,3,1,885,0
200,890,145,3,1,886,0
200,891,145,3,1,887,0
200,892,145,3,1,888,0
261,893,145,3,1,889,0
261,894,145,3,1,890,0
261,895,145,3,1,891,0
261,896,145,3,1,892,0
261,897,145,3,1,893,0
261,898,145,3,1,894,0
261,899,145,3,1,895,0
261,900,145,3,1,896,0
261,901,145,3,1,897,0
261,902,145,3,1,898,0
261,903,145,3,1,899,0
261,904,145,3,1,900,0
261,905,145,3,1,901,0
261,906,145,3,1,902,0
261,907,145,3,1,903,0
261,908,145,3,1,904,0
261,909,145,3,1,905,0
261,910,145,3,1,906,0
261,911,145,3,1,907,0
261,912,145,3,1,908,0
261,913,145,3,1,909,0
261,914,145,3,1,910,0
261,915,145,3,2,910,0
261,916,145,3,2,911,0
261,917,145,3,2,912,0
261,918,145,3,2,913,0
261,919,145,3,2,914,0
261,920,145,3,2,915,0
261,922,261,4,2,916,0
261,923,261,4,2,917,0
261,924,261,4,2,918,0
261,925,261,4,2,919,0
261,927,261,5,2,920,0
261,928,261,5,2,921,0
264,929,261,5,2,922,0
264,930,261,5,2,923,0
264,931,261,5,2,924,0
264,932,261,5,2,925,0
264,933,261,5,2,926,0
264,934,261,5,2,927,0
264,935,261,5,2,928,0
264,936,261,5,2,929,0
264,937,261,5,2,930,0
264,938,261,5,2,931,0
264,939,261,5,2,932,0
264,940,261,5,2,933,0
264,941,261,5,2,934,0
264,942,261,5,2,935,0
264,943,261,5,2,936,0
264,944,261,5,2,937,0
264,945,261,5,2,938,0
264,946,261,5,2,939,0
264,947,261,5,2,940,0
264,948,261,5,2,941,0
264,949,261,5,2,942,0
264,950,261,5,2,943,0
264,951,261,5,2,944,0
264,952,261,5,2,945,0
264,953,261,5,2,946,0
264,954,261,5,2,947,0
264,955,261,5,2,948,0
264,956,261,5,2,949,0
264,957,261,5,2,950,0
264,958,261,5,2,951,0
264,959,261,5,2,952,0
264,960,261,5,2,953,0
264,961,261,5,2,954,0
264,962,261,5,2,955,0
264,963,261,5,2,956,0
264,964,261,5,2,957,0
264,965,261,5,2,958,0
264,966,261,5,2,959,0
264,967,261,5,2,960,0
264,968,261,5,2,961,0
264,969,261,5,2,962,0
264,970,261,5,2,963,0
264,971,261,5,2,964,0
264,972,261,5,2,965,0
264,973,261,5,2,966,0
264,974,261,5,2,967,0
264,975,261,5,2,968,0
264,976,261,5,2,969,0
264,977,261,5,2,970,0
264,978,261,5,2,971,0
264,979,261,5,2,972,0
264,980,261,5,2,973,0
264,981,261,5,2,974,0
264,982,261,5,2,975,0
264,983,261,5,2,976,0
264,984,261,5,2,977,0
264,985,261,5,2,978,0
264,986,261,5,2,979,0
264,987,261,5,2,980,0
264,989,264,6,2,981,0
264,990,264,6,2,982,0
264,991,264,6,2,983,0
264,992,264,6,2,984,0
264,993,264,6,2,985,0
264,994,264,6,2,986,0
264,995,264,6,2,987,0
264,996,264,6,2,988,0
264,997,264,6,2,989,0
264,998,264,6,2,990,0
264,999,264,6,2,991,0
264,1000,264,6,2,992,0
264,1001,264,6,2,993,0
264,1002,264,6,2,994,0
264,1003,264,6,2,995,0
264,1004,264,6,2,996,0
264,1005,264,6,2,997,0
264,1006,264,6,2,998,0
264,1007,264,6,2,999,0
264,1008,264,6,2,1000,0
264,1009,264,6,2,1001,0
264,1010,264,6,2,1002,0
264,1011,264,6,2,1003,0
264,1012,264,6,2,1004,0
264,1013,264,6,2,1005,0
264,1014,264,6,2,1006,0
264,1015,264,6,2,1007,0
264,1016,264,6,2,1008,0
264,1017,264,6,2,1009,0
264,1018,264,6,2,1010,0
264,1019,264,6,2,1011,0
264,1020,264,6,2,1012,0
264,1021,264,6,2,1013,0
264,1022,264,6,2,1014,0
264,1023,264,6,2,1015,0
264,1024,264,6,2,1016,0
264,1025,264,6,2,1017,0
264,1026,264,6,2,1018,0
264,1027,264,6,2,1019,0
264,1028,264,6,2,1020,0
264,1029,264,6,2,1021,0
264,1030,264,6,2,1022,0
264,1031,264,6,2,1023,0
264,1032,264,6,2,1024,0
264,1033,264,6,2,1025,0
264,1034,264,6,2,1026,0
264,1035,264,6,2,1027,0
264,1036,264,6,2,1028,0
264,1037,264,6,2,1029,0
264,1038,264,6,2,1030,0
264,1039,264,6,2,1031,0
264,1040,264,6,2,1032,0
264,1041,264,6,2,1033,0
264,1042,264,6,2,1034,0
264,1043,264,6,2,1035,0
264,1044,264,6,2,1036,0
264,1045,264,6,2,1037,0
264,1046,264,6,2,1038,0
264,1047,264,6,2,1039,0
264,1048,264,6,2,1040,0
264,1049,264,6,2,1041,0
264,1050,264,6,2,1042,0
264,1051,264,6,2,1043,0
264,1052,264,6,2,1044,0
264,1053,264,6,2,1045,0
264,1054,264,6,2,1046,0
264,1055,264,6,2,1047,0
264,1056,264,6,2,1048,0
264,1057,264,6,2,1049,0
264,1058,264,6,2,1050,0
264,1059,264,6,2,1051,0
264,1060,264,6,2,1052,0
264,1061,264,6,2,1053,0
264,1062,264,6,2,1054,0
264,1063,264,6,2,1055,0
264,1064,264,6,2,1056,0
264,1065,264,6,2,1057,0
264,1066,264,6,2,1058,0
264,1067,264,6,2,1059,0
264,1068,264,6,2,1060,0
264,1069,264,6,2,1061,0
264,1070,264,6,2,1062,0
264,1071,264,6,2,1063,0
264,1072,264,6,2,1064,0
264,1073,264,6,2,1065,0
264,1074,264,6,2,1066,0
264,1075,264,6,2,1067,0
264,1076,264,6,3,1067,0
264,1077,264,6,3,1068,0
264,1078,264,6,3,1069,0
264,1079,264,6,3,1070,0
264,1080,264,6,3,1071,0
264,1081,264,6,3,1072,0
264,1082,264,6,3,1073,0
264,1083,264,6,3,1074,0
264,1084,264,6,3,1075,0
264,1085,264,6,3,1076,0
264,1086,264,6,3,1077,0
264,1087,264,6,3,1078,0
264,1088,264,6,3,1079,0
264,1089,264,6,3,1080,0
264,1090,264,6,3,1081,0
264,1091,264,6,3,1082,0
264,1092,264,6,3,1083,0
264,1093,264,6,3,1084,0
264,1094,264,6,3,1085,0
264,1095,264,6,3,1086,0
264,1096,264,6,3,1087,0
264,1097,264,6,3,1088,0
264,1098,264,6,3,1089,0
264,1099,264,6,3,1090,0
264,1100,264,6,3,1091,0
264,1101,264,6,3,1092,0
264,1102,264,6,3,1093,0
264,1103,264,6,3,1094,0
264,1104,264,6,3,1095,0
264,1105,264,6,3,1096,0
264,1106,264,6,3,1097,0
264,1107,264,6,3,1098,0
264,1108,264,6,3,1099,0
264,1109,264,6,3,1100,0
264,1110,264,6,3,1101,0
264,1111,264,6,3,1102,0
264,1112,264,6,3,1103,0
264,1113,264,6,3,1104,0
264,1114,264,6,3,1105,0
264,1115,264,6,3,1106,0
264,1116,264,6,3,1107,0
264,1117,264,6,3,1108,0
264,1118,264,6,3,1109,0
264,1119,264,6,3,1110,0
264,1120,264,6,3,1111,0
264,1121,264,6,3,1112,0
264,1122,264,6,3,1113,0
264,1123,264,6,3,1114,0
264,1124,264,6,3,1115,0
264,1125,264,6,3,1116,0
264,1126,264,6,3,1117,0
264,1127,264,6,3,1118,0
264,1128,264,6,3,1119,0
264,1129,264,6,3,1120,0
264,1130,264,6,3,1121,0
264,1131,264,6,3,1122,0
264,1132,264,6,3,1123,0
264,1133,264,6,3,1124,0
264,1134,264,6,3,1125,0
264,1135,264,6,3,1126,0
264,1136,264,6,3,1127,0
264,1137,264,6,3,1128,0
264,1138,264,6,3,1129,0
264,1139,264,6,3,1130,0
264,1140,264,6,3,1131,0
264,1141,264,6,3,1132,0
264,1142,264,6,3,1133,0
264,1144,264,7,3,1134,0
264,1145,264,7,3,1135,0
264,1146,264,7,3,1136,0
264,1147,264,7,3,1137,0
264,1149,264,8,3,1138,0
264,1150,264,8,3,1139,0
264,1151,264,8,3,1140,0
264,1152,264,8,3,1141,0
264,1153,264,8,3,1142,0
264,1154,264,8,3,1143,0
264,1155,264,8,3,1144,0
264,1156,264,8,3,1145,0
264,1157,264,8,3,1146,0
264,1158,264,8,3,1147,0
264,1159,264,8,3,1148,0
264,1160,264,8,3,1149,0
264,1161,264,8,3,1150,0
264,1162,264,8,3,1151,0
264,1163,264,8,3,1152,0
264,1164,264,8,3,1153,0
264,1165,264,8,3,1154,0
264,1166,264,8,3,1155,0
264,1167,264,8,3,1156,0
264,1168,264,8,3,1157,0
264,1169,264,8,3,1158,0
264,1170,264,8,3,1159,0
264,1171,264,8,3,1160,0
264,1172,264,8,3,1161,0
264,1173,264,8,3,1162,0
264,1174,264,8,3,1163,0
264,1175,264,8,3,1164,0
264,1176,264,8,3,1165,0
264,1177,264,8,3,1166,0
264,1178,264,8,3,1167,0
264,1179,264,8,3,1168,0
264,1180,264,8,3,1169,0
264,1181,264,8,3,1170,0
264,1182,264,8,3,1171,0
264,1183,264,8,3,1172,0
264,1184,264,8,3,1173,0
264,1185,264,8,4,1173,0
264,1186,264,8,4,1174,0
264,1187,264,8,4,1175,0
264,1188,264,8,4,1176,0
264,1189,264,8,4,1177,0
264,1190,264,8,4,1178,0
264,1191,264,8,4,1179,0
264,1192,264,8,4,1180,0
264,1193,264,8,4,1181,0
264,1194,264,8,4,1182,0
264,1195,264,8,5,1182,0
264,1196,264,8,5,1183,0
264,1197,264,8,5,1184,0
264,1198,264,8,5,1185,0
264,1199,264,8,5,1186,0
264,1200,264,8,5,1187,0
264,1201,264,8,5,1188,0
264,1202,264,8,5,1189,0
264,1203,264,8,5,1190,0
264,1204,264,8,5,1191,0
264,1205,264,8,5,1192,0
264,1206,264,8,5,1193,0
264,1207,264,8,5,1194,0
264,1208,264,8,5,1195,0
264,1209,264,8,5,1196,0
264,1210,264,8,5,1197,0
264,1211,264,8,5,1198,0
264,1212,264,8,5,1199,0
264,1213,264,8,5,1200,0
264,1214,264,8,5,1201,0
264,1215,264,8,5,1202,0
264,1216,264,8,5,1203,0
264,1217,264,8,5,1204,0
264,1218,264,8,5,1205,0
264,1219,264,8,5,1206,0
264,1220,264,8,5,1207,0
264,1221,264,8,5,1208,0
264,1222,264,8,5,1209,0
264,1223,264,8,5,1210,0
264,1224,264,8,5,1211,0
264,1225,264,8,5,1212,0
264,1226,264,8,5,1213,0
264,1227,264,8,5,1214,0
264,1228,264,8,5,1215,0
264,1229,264,8,5,1216,0
264,1230,264,8,5,1217,0
264,1231,264,8,5,1218,0
264,1232,264,8,5,1219,0
264,1233,264,8,5,1220,0
264,1234,264,8,5,1221,0
264,1235,264,8,5,1222,0
264,1236,264,8,5,1223,0
264,1237,264,8,5,1224,0
264,1238,264,8,5,1225,0
264,1239,264,8,5,1226,0
264,1240,264,8,5,1227,0
264,1241,264,8,5,1228,0
264,1242,264,8,5,1229,0
264,1243,264,8,5,1230,0
264,1244,264,8,5,1231,0
270,1245,264,8,5,1232,0
270,1246,264,8,5,1233,0
270,1247,264,8,5,1234,0
270,1248,264,8,5,1235,0
270,1249,264,8,5,1236,0
270,1250,264,8,5,1237,0
270,1251,264,8,5,1238,0
270,1252,264,8,5,1239,0
270,1253,264,8,5,1240,0
270,1254,264,8,5,1241,0
270,1256,270,9,5,1242,0
270,1257,270,9,5,1243,0
270,1258,270,9,5,1244,0
270,1259,270,9,5,1245,0
270,1260,270,9,5,1246,0
270,1261,270,9,5,1247,0
270,1262,270,9,5,1248,0
270,1263,270,9,5,1249,0
270,1264,270,9,5,1250,0
270,1265,270,9,5,1251,0
270,1266,270,9,5,1252,0
270,1267,270,9,5,1253,0
270,1268,270,9,5,1254,0
270,1269,270,9,5,1255,0
270,1270,270,9,5,1256,0
270,1271,270,9,5,1257,0
270,1272,270,9,5,1258,0
270,1273,270,9,5,1259,0
270,1274,270,9,5,1260,0
270,1275,270,9,5,1261,0
270,1276,270,9,5,1262,0
270,1277,270,9,5,1263,0
270,1278,270,9,5,1264,0
270,1279,270,9,5,1265,0
270,1280,270,9,5,1266,0
270,1281,270,9,5,1267,0
270,1282,270,9,5,1268,0
270,1283,270,9,5,1269,0
270,1284,270,9,5,1270,0
270,1285,270,9,5,1271,0
270,1286,270,9,5,1272,0
270,1287,270,9,5,1273,0
270,1288,270,9,5,1274,0
270,1289,270,9,5,1275,0
270,1290,270,9,5,1276,0
270,1291,270,9,5,1277,0
270,1292,270,9,5,1278,0
270,1293,270,9,5,1279,0
270,1294,270,9,5,1280,0
270,1295,270,9,5,1281,0
270,1296,270,9,5,1282,0
270,1297,270,9,5,1283,0
270,1298,270,9,5,1284,0
270,1299,270,9,5,1285,0
270,1300,270,9,5,1286,0
270,1301,270,9,5,1287,0
270,1302,270,9,5,1288,0
270,1303,270,9,5,1289,0
270,1304,270,9,5,1290,0
270,1305,270,9,5,1291,0
270,1306,270,9,5,1292,0
270,1307,270,9,5,1293,0
270,1308,270,9,5,1294,0
270,1309,270,9,5,1295,0
270,1310,270,9,5,1296,0
270,1311,270,9,5,1297,0
270,1312,270,9,5,1298,0
270,1313,270,9,5,1299,0
270,1314,270,9,5,1300,0
270,1315,270,9,5,1301,0
270,1316,270,9,5,1302,0
270,1317,270,9,5,1303,0
270,1318,270,9,5,1304,0
270,1319,270,9,5,1305,0
270,1320,270,9,5,1306,0
270,1321,270,9,5,1307,0
270,1322,270,9,5,1308,0
270,1323,270,9,5,1309,0
270,1324,270,9,5,1310,0
270,1325,270,9,5,1311,0
270,1326,270,9,5,1312,0
270,1327,270,9,5,1313,0
270,1328,270,9,5,1314,0
270,1329,270,9,5,1315,0
270,1330,270,9,5,1316,0
270,1331,270,9,5,1317,0
270,1332,270,9,5,1318,0
270,1333,270,9,5,1319,0
270,1334,270,9,5,1320,0
270,1335,270,9,5,1321,0
270,1336,270,9,5,1322,0
270,1337,270,9,5,1323,0
270,1339,270,10,5,1324,0
270,1340,270,10,5,1325,0
270,1341,270,10,5,1326,0
270,1342,270,10,5,1327,0
300,1343,270,10,6,1327,0
300,1344,270,10,6,1328,0
300,1345,270,10,6,1329,0
300,1346,270,10,6,1330,0
300,1347,270,10,6,1331,0
300,1348,270,10,6,1332,0
300,1349,270,10,6,1333,0
300,1350,270,10,7,1333,0
300,1351,270,10,7,1334,0
300,1353,300,11,7,1335,0
300,1354,300,11,7,1336,0
300,1355,300,11,7,1337,0
300,1356,300,11,7,1338,0
300,1357,300,11,7,1339,0
300,1358,300,11,7,1340,0
300,1359,300,11,8,1340,0
300,1360,300,11,8,1341,0
300,1362,300,12,9,1341,0
300,1363,300,12,9,1342,0
300,1364,300,12,9,1343,0
380,1367,300,14,9,1344,0
380,1368,300,14,9,1345,0
380,1369,300,14,9,1346,0
380,1370,300,14,9,1347,0
380,1371,300,14,9,1348,0
380,1372,300,14,9,1349,0
380,1373,300,14,9,1350,0
380,1374,300,14,9,1351,0
380,1375,300,14,9,1352,0
380,1376,300,14,9,1353,0
380,1377,300,14,9,1354,0
380,1378,300,14,9,1355,0
380,1379,300,14,9,1356,0
380,1380,300,14,9,1357,0
380,1381,300,14,9,1358,0
380,1382,300,14,9,1359,0
380,1383,300,14,9,1360,0
380,1384,300,14,9,1361,0
380,1385,300,14,9,1362,0
380,1386,300,14,9,1363,0
380,1387,300,14,9,1364,0
380,1388,300,14,9,1365,0
380,1389,300,14,9,1366,0
380,1390,300,14,10,1366,0
380,1391,300,14,10,1367,0
380,1393,380,15,10,1368,0
380,1394,380,15,10,1369,0
380,1395,380,15,10,1370,0
380,1396,380,15,10,1371,0
380,1397,380,15,10,1372,0
380,1398,380,15,10,1373,0
380,1399,380,15,10,1374,0
380,1400,380,15,10,1375,0
380,1401,380,15,10,1376,0
380,1402,380,15,10,1377,0
380,1403,380,15,10,1378,0
380,1404,380,15,10,1379,0
380,1405,380,15,10,1380,0
380,1406,380,15,10,1381,0
380,1407,380,15,10,1382,0
380,1408,380,15,10,1383,0
380,1409,380,15,10,1384,0
380,1410,380,15,10,1385,0
380,1411,380,15,10,1386,0
380,1412,380,15,10,1387,0
380,1413,380,15,10,1388,0
380,1414,380,15,10,1389,0
380,1415,380,15,10,1390,0
380,1416,380,15,10,1391,0
380,1417,380,15,10,1392,0
380,1418,380,15,10,1393,0
380,1419,380,15,10,1394,0
380,1420,380,15,10,1395,0
380,1421,380,15,10,1396,0
380,1422,380,15,10,1397,0
380,1423,380,15,10,1398,0
380,1424,380,15,10,1399,0
380,1425,380,15,10,1400,0
380,1426,380,15,10,1401,0
380,1427,380,15,10,1402,0
380,1428,380,15,10,1403,0
380,1429,380,15,10,1404,0
380,1430,380,15,10,1405,0
380,1431,380,15,10,1406,0
380,1432,380,15,10,1407,0
380,1433,380,15,10,1408,0
380,1434,380,15,10,1409,0
380,1435,380,15,10,1410,0
380,1436,380,15,10,1411,0
380,1437,380,15,10,1412,0
380,1438,380,15,10,1413,0
380,1439,380,15,10,1414,0
380,1440,380,15,11,1414,0
380,1441,380,15,11,1415,0
380,1442,380,15,11,1416,0
380,1443,380,15,11,1417,0
380,1444,380,15,11,1418,0
380,1445,380,15,11,1419,0
380,1446,380,15,11,1420,0
380,1447,380,15,11,1421,0
380,1448,380,15,11,1422,0
385,1449,380,15,11,1423,0
385,1450,380,15,11,1424,0
385,1451,380,15,11,1425,0
385,1452,380,15,11,1426,0
385,1453,380,15,11,1427,0
385,1454,380,15,11,1428,0
385,1455,380,15,11,1429,0
385,1456,380,15,11,1430,0
385,1457,380,15,11,1431,0
385,1458,380,15,11,1432,0
385,1459,380,15,11,1433,0
385,1460,380,15,11,1434,0
385,1461,380,15,11,1435,0
385,1462,380,15,11,1436,0
385,1463,380,15,11,1437,0
385,1464,380,15,11,1438,0
385,1465,380,15,11,1439,0
385,1466,380,15,11,1440,0
385,1468,385,16,11,1441,0
385,1469,385,16,11,1442,0
385,1470,385,16,11,1443,0
385,1471,385,16,12,1443,0
385,1472,385,16,12,1444,0
385,1473,385,16,12,1445,0
385,1474,385,16,12,1446,0
385,1475,385,16,12,1447,0
385,1476,385,16,12,1448,0
385,1477,385,16,12,1449,0
385,1478,385,16,12,1450,0
385,1479,385,16,12,1451,0
385,1480,385,16,12,1452,0
385,1481,385,16,12,1453,0
385,1483,385,17,12,1454,0
385,1484,385,17,12,1455,0
385,1485,385,17,12,1456,0
385,1486,385,17,12,1457,0
385,1487,385,17,12,1458,0
385,1488,385,17,12,1459,0
385,1489,385,17,12,1460,0
385,1490,385,17,12,1461,0
385,1491,385,17,12,1462,0
385,1492,385,17,12,1463,0
385,1493,385,17,12,1464,0
385,1494,385,17,12,1465,0
385,1495,385,17,12,1466,0
385,1496,385,17,12,1467,0
385,1497,385,17,12,1468,0
385,1498,385,17,12,1469,0
385,1499,385,17,12,1470,0
385,1500,385,17,12,1471,0
385,1501,385,17,12,1472,0
385,1502,385,17,12,1473,0
385,1503,385,17,12,1474,0
385,1504,385,17,12,1475,0
385,1505,385,17,12,1476,0
385,1506,385,17,12,1477,0
385,1507,385,17,12,1478,0
385,1508,385,17,12,1479,0
385,1509,385,17,12,1480,0
385,1510,385,17,12,1481,0
385,1511,385,17,12,1482,0
385,1512,385,17,12,1483,0
385,1513,385,17,12,1484,0
385,1514,385,17,12,1485,0
385,1515,385,17,12,1486,0
385,1516,385,17,12,1487,0
385,1517,385,17,12,1488,0
385,1518,385,17,12,1489,0
385,1520,385,18,12,1490,0
385,1521,385,18,12,1491,0
385,1522,385,18,12,1492,0
385,1523,385,18,12,1493,0
385,1524,385,18,12,1494,0
385,1525,385,18,12,1495,0
385,1526,385,18,12,1496,0
385,1527,385,18,12,1497,0
385,1528,385,18,12,1498,0
385,1529,385,18,13,1498,0
385,1530,385,18,13,1499,0
385,1531,385,18,13,1500,0
385,1532,385,18,13,1501,0
385,1533,385,18,13,1502,0
385,1534,385,18,13,1503,0
385,1535,385,18,13,1504,0
385,1536,385,18,13,1505,0
385,1537,385,18,13,1506,0
385,1538,385,18,13,1507,0
385,1539,385,18,13,1508,0
385,1540,385,18,13,1509,0
385,1541,385,18,13,1510,0
385,1542,385,18,13,1511,0
385,1543,385,18,14,1511,0
385,1544,385,18,14,1512,0
385,1545,385,18,14,1513,0
385,1546,385,18,14,1514,0
385,1547,385,18,14,1515,0
385,1548,385,18,14,1516,0
385,1549,385,18,14,1517,0
385,1550,385,18,14,1518,0
385,1551,385,18,14,1519,0
385,1552,385,18,14,1520,0
385,1553,385,18,14,1521,0
385,1554,385,18,14,1522,0
385,1555,385,18,14,1523,0
385,1556,385,18,14,1524,0
385,1557,385,18,14,1525,0
385,1558,385,18,14,1526,0
385,1559,385,18,14,1527,0
385,1560,385,18,14,1528,0
385,1561,385,18,14,1529,0
385,1562,385,18,14,1530,0
385,1563,385,18,14,1531,0
385,1564,385,18,14,1532,0
385,1565,385,18,14,1533,0
385,1566,385,18,14,1534,0
385,1567,385,18,14,1535,0
385,1568,385,18,14,1536,0
385,1569,385,18,14,1537,0
385,1570,385,18,14,1538,0
385,1571,385,18,14,1539,0
385,1572,385,18,14,1540,0
385,1573,385,18,14,1541,0
385,1574,385,18,14,1542,0
385,1575,385,18,14,1543,0
385,1576,385,18,14,1544,0
385,1577,385,18,14,1545,0
385,1578,385,18,14,1546,0
385,1579,385,18,14,1547,0
385,1580,385,18,14,1548,0
385,1581,385,18,14,1549,0
385,1582,385,18,14,1550,0
385,1583,385,18,14,1551,0
385,1584,385,18,14,1552,0
385,1585,385,18,15,1552,0
385,1586,385,18,15,1553,0
385,1587,385,18,15,1554,0
385,1588,385,18,15,1555,0
385,1590,385,19,15,1556,0
385,1591,385,19,15,1557,0
385,1593,385,20,15,1558,0
385,1594,385,20,15,1559,0
385,1595,385,20,15,1560,0
385,1596,385,20,15,1561,0
385,1597,385,20,15,1562,0
385,1598,385,20,15,1563,0
385,1599,385,20,15,1564,0
385,1600,385,20,15,1565,0
385,1601,385,20,15,1566,0
385,1602,385,20,15,1567,0
385,1603,385,20,15,1568,0
385,1604,385,20,15,1569,0
385,1605,385,20,15,1570,0
385,1606,385,20,15,1571,0
385,1607,385,20,15,1572,0
385,1608,385,20,15,1573,0
385,1609,385,20,15,1574,0
385,1611,385,21,15,1575,0
385,1612,385,21,15,1576,0
385,1613,385,21,15,1577,0
385,1614,385,21,15,1578,0
385,1615,385,21,15,1579,0
385,1616,385,21,15,1580,0
385,1617,385,21,15,1581,0
385,1618,385,21,15,1582,0
385,1619,385,21,15,1583,0
385,1620,385,21,15,1584,0
385,1622,385,22,15,1585,0
385,1623,385,22,15,1586,0
385,1624,385,22,15,1587,0
385,1625,385,22,15,1588,0
385,1626,385,22,15,1589,0
385,1627,385,22,15,1590,0
385,1628,385,22,15,1591,0
385,1629,385,22,15,1592,0
385,1630,385,22,15,1593,0
385,1631,385,22,15,1594,0
385,1632,385,22,15,1595,0
385,1633,385,22,15,1596,0
385,1634,385,22,15,1597,0
385,1635,385,22,15,1598,0
385,1636,385,22,15,1599,0
385,1637,385,22,15,1600,0
385,1638,385,22,15,1601,0
385,1639,385,22,15,1602,0
385,1640,385,22,15,1603,0
385,1641,385,22,15,1604,0
385,1642,385,22,15,1605,0
385,1643,385,22,15,1606,0
385,1644,385,22,15,1607,0
385,1645,385,22,15,1608,0
385,1646,385,22,15,1609,0
385,1647,385,22,15,1610,0
385,1648,385,22,15,1611,0
385,1649,385,22,15,1612,0
385,1650,385,22,15,1613,0
385,1651,385,22,15,1614,0
385,1652,385,22,15,1615,0
385,1653,385,22,15,1616,0
385,1654,385,22,15,1617,0
385,1655,385,22,15,1618,0
385,1656,385,22,15,1619,0
385,1657,385,22,15,1620,0
385,1658,385,22,15,1621,0
385,1659,385,22,15,1622,0
385,1660,385,22,15,1623,0
385,1661,385,22,15,1624,0
385,1662,385,22,15,1625,0
385,1663,385,22,15,1626,0
385,1664,385,22,15,1627,0
385,1665,385,22,15,1628,0
385,1666,385,22,15,1629,0
385,1667,385,22,15,1630,0
385,1668,385,22,15,1631,0
385,1669,385,22,15,1632,0
385,1670,385,22,15,1633,0
385,1671,385,22,15,1634,0
385,1672,385,22,15,1635,0
385,1673,385,22,15,1636,0
385,1674,385,22,15,1637,0
385,1675,385,22,15,1638,0
385,1676,385,22,15,1639,0
385,1677,385,22,15,1640,0
385,1678,385,22,15,1641,0
385,1679,385,22,15,1642,0
385,1680,385,22,15,1643,0
385,1681,385,22,15,1644,0
385,1682,385,22,15,1645,0
385,1683,385,22,15,1646,0
385,1684,385,22,15,1647,0
385,1685,385,22,15,1648,0
385,1686,385,22,15,1649,0
385,1687,385,22,15,1650,0
385,1688,385,22,15,1651,0
385,1689,385,22,15,1652,0
385,1690,385,22,15,1653,0
385,1691,385,22,15,1654,0
385,1692,385,22,15,1655,0
385,1693,385,22,15,1656,0
385,1694,385,22,15,1657,0
385,1695,385,22,15,1658,0
385,1696,385,22,15,1659,0
385,1697,385,22,15,1660,0
385,1698,385,22,15,1661,0
385,1699,385,22,15,1662,0
385,1700,385,22,15,1663,0
385,1701,385,22,15,1664,0
385,1702,385,22,15,1665,0
385,1703,385,22,15,1666,0
385,1704,385,22,15,1667,0
385,1705,385,22,15,1668,0
385,1706,385,22,15,1669,0
385,1707,385,22,15,1670,0
385,1708,385,22,15,1671,0
385,1709,385,22,15,1672,0
385,1710,385,22,15,1673,0
385,1711,385,22,15,1674,0
385,1712,385,22,15,1675,0
385,1713,385,22,15,1676,0
385,1714,385,22,15,1677,0
385,1715,385,22,15,1678,0
385,1716,385,22,15,1679,0
385,1717,385,22,15,1680,0
385,1718,385,22,15,1681,0
385,1719,385,22,15,1682,0
385,1720,385,22,15,1683,0
385,1721,385,22,15,1684,0
385,1722,385,22,15,1685,0
385,1723,385,22,15,1686,0
385,1724,385,22,15,1687,0
385,1725,385,22,15,1688,0
385,1726,385,22,15,1689,0
385,1727,385,22,15,1690,0
385,1728,385,22,15,1691,0
385,1729,385,22,15,1692,0
385,1730,385,22,15,1693,0
385,1731,385,22,15,1694,0
385,1732,385,22,15,1695,0
385,1733,385,22,15,1696,0
385,1734,385,22,15,1697,0
385,1735,385,22,15,1698,0
385,1736,385,22,15,1699,0
385,1737,385,22,15,1700,0
385,1738,385,22,15,1701,0
385,1739,385,22,15,1702,0
385,1740,385,22,15,1703,0
385,1741,385,22,15,1704,0
385,1742,385,22,15,1705,0
385,1743,385,22,15,1706,0
385,1744,385,22,15,1707,0
385,1745,385,22,15,1708,0
385,1746,385,22,16,1708,0
385,1748,385,23,16,1709,0
385,1749,385,23,16,1710,0
385,1750,385,23,16,1711,0
385,1751,385,23,17,1711,0
390,1752,385,23,17,1712,0
390,1753,385,23,17,1713,0
390,1754,385,23,17,1714,0
390,1755,385,23,17,1715,0
390,1756,385,23,17,1716,0
390,1757,385,23,17,1717,0
390,1758,385,23,17,1718,0
390,1759,385,23,17,1719,0
390,1760,385,23,17,1720,0
390,1761,385,23,17,1721,0
390,1762,385,23,17,1722,0
390,1763,385,23,17,1723,0
390,1764,385,23,17,1724,0
390,1765,385,23,17,1725,0
390,1766,385,23,17,1726,0
390,1768,390,24,17,1727,0
390,1769,390,24,17,1728,0
390,1770,390,24,17,1729,0
390,1771,390,24,17,1730,0
390,1772,390,24,17,1731,0
390,1773,390,24,17,1732,0
390,1774,390,24,17,1733,0
390,1775,390,24,18,1733,0
390,1776,390,24,18,1734,0
390,1777,390,24,18,1735,0
390,1778,390,24,18,1736,0
390,1779,390,24,18,1737,0
390,1780,390,24,18,1738,0
390,1781,390,24,18,1739,0
390,1782,390,24,18,1740,0
390,1783,390,24,18,1741,0
390,1784,390,24,18,1742,0
390,1785,390,24,18,1743,0
390,1786,390,24,18,1744,0
390,1787,390,24,18,1745,0
390,1788,390,24,18,1746,0
390,1789,390,24,18,1747,0
390,1790,390,24,18,1748,0
390,1791,390,24,18,1749,0
390,1792,390,24,18,1750,0
390,1793,390,24,18,1751,0
390,1794,390,24,18,1752,0
390,1795,390,24,18,1753,0
390,1796,390,24,18,1754,0
390,1797,390,24,18,1755,0
390,1798,390,24,18,1756,0
390,1799,390,24,18,1757,0
390,1800,390,24,18,1758,0
390,1801,390,24,18,1759,0
390,1802,390,24,18,1760,0
390,1803,390,24,18,1761,0
390,1804,390,24,18,1762,0
390,1805,390,24,18,1763,0
390,1807,390,25,18,1764,0
390,1808,390,25,18,1765,0
390,1809,390,25,18,1766,0
390,1810,390,25,18,1767,0
390,1811,390,25,18,1768,0
390,1812,390,25,18,1769,0
390,1814,390,26,18,1770,0
390,1815,390,26,18,1771,0
390,1816,390,26,18,1772,0
390,1817,390,26,18,1773,0
390,1818,390,26,18,1774,0
390,1819,390,26,18,1775,0
390,1820,390,26,19,1775,0
390,1821,390,26,19,1776,0
390,1822,390,26,19,1777,0
390,1823,390,26,19,1778,0
390,1824,390,26,19,1779,0
390,1825,390,26,19,1780,0
390,1826,390,26,20,1780,0
390,1827,390,26,20,1781,0
390,1828,390,26,20,1782,0
420,1832,390,29,20,1783,0
420,1833,390,29,20,1784,0
420,1834,390,29,20,1785,0
420,1835,390,29,20,1786,0
420,1836,390,29,20,1787,0
420,1837,390,29,20,1788,0
420,1838,390,29,21,1788,0
420,1839,390,29,21,1789,0
420,1842,420,31,21,1790,0
420,1843,420,31,21,1791,0
420,1844,420,31,21,1792,0
420,1845,420,31,21,1793,0
420,1846,420,31,21,1794,0
420,1848,420,32,21,1795,0
420,1849,420,32,21,1796,0
479,1850,420,32,21,1797,0
479,1851,420,32,21,1798,0
479,1852,420,32,21,1799,0
479,1853,420,32,21,1800,0
479,1854,420,32,21,1801,0
479,1855,420,32,21,1802,0
479,1856,420,32,21,1803,0
479,1857,420,32,21,1804,0
479,1858,420,32,21,1805,0
479,1859,420,32,21,1806,0
479,1860,420,32,21,1807,0
479,1861,420,32,21,1808,0
479,1862,420,32,21,1809,0
479,1863,420,32,21,1810,0
479,1864,420,32,21,1811,0
479,1865,420,32,21,1812,0
479,1866,420,32,21,1813,0
479,1867,420,32,22,1813,0
479,1868,420,32,22,1814,0
479,1869,420,32,22,1815,0
479,1870,420,32,22,1816,0
479,1871,420,32,22,1817,0
479,1872,420,32,22,1818,0
479,1873,420,32,22,1819,0
500,1875,479,33,22,1820,0
500,1876,479,33,22,1821,0
500,1877,479,33,22,1822,0
500,1878,479,33,22,1823,0
500,1879,479,33,22,1824,0
500,1880,479,33,22,1825,0
500,1881,479,33,22,1826,0
500,1882,479,33,22,1827,0
500,1883,479,33,22,1828,0
500,1884,479,33,23,1828,0
500,1885,479,33,23,1829,0
500,1886,479,33,23,1830,0
500,1887,479,33,23,1831,0
500,1888,479,33,23,1832,0
500,1889,479,33,23,1833,0
500,1890,479,33,23,1834,0
500,1891,479,33,23,1835,0
500,1892,479,33,23,1836,0
500,1893,479,33,23,1837,0
500,1894,479,33,23,1838,0
500,1895,479,33,23,1839,0
500,1896,479,33,23,1840,0
500,1897,479,33,23,1841,0
500,1898,479,33,23,1842,0
500,1899,479,33,24,1842,0
500,1900,479,33,24,1843,0
500,1901,479,33,24,1844,0
500,1902,479,33,24,1845,0
500,1903,479,33,24,1846,0
500,1904,479,33,24,1847,0
500,1905,479,33,24,1848,0
500,1906,479,33,24,1849,0
500,1907,479,33,24,1850,0
500,1908,479,33,24,1851,0
500,1909,479,33,25,1851,0
500,1910,479,33,25,1852,0
500,1911,479,33,25,1853,0
500,1912,479,33,25,1854,0
500,1913,479,33,25,1855,0
500,1914,479,33,25,1856,0
500,1915,479,33,25,1857,0
500,1917,500,34,25,1858,0
500,1918,500,34,25,1859,0
500,1919,500,34,25,1860,0
500,1920,500,34,25,1861,0
500,1921,500,34,25,1862,0
500,1922,500,34,25,1863,0
500,1923,500,34,25,1864,0
500,1924,500,34,25,1865,0
500,1925,500,34,25,1866,0
500,1926,500,34,25,1867,0
500,1927,500,34,25,1868,0
500,1928,500,34,25,1869,0
500,1929,500,34,25,1870,0
500,1930,500,34,25,1871,0
500,1931,500,34,25,1872,0
500,1932,500,34,25,1873,0
500,1933,500,34,25,1874,0
500,1934,500,34,25,1875,0
500,1935,500,34,25,1876,0
500,1936,500,34,25,1877,0
500,1937,500,34,26,1877,0
500,1938,500,34,26,1878,0
500,1939,500,34,26,1879,0
500,1940,500,34,26,1880,0
500,1941,500,34,26,1881,0
500,1942,500,34,26,1882,0
500,1943,500,34,26,1883,0
500,1944,500,34,27,1883,0
500,1945,500,34,27,1884,0
500,1946,500,34,27,1885,0
500,1947,500,34,27,1886,0
500,1948,500,34,27,1887,0
500,1949,500,34,27,1888,0
500,1950,500,34,27,1889,0
500,1951,500,34,27,1890,0
500,1952,500,34,27,1891,0
500,1953,500,34,27,1892,0
500,1954,500,34,27,1893,0
500,1955,500,34,27,1894,0
500,1956,500,34,27,1895,0
500,1957,500,34,27,1896,0
500,1958,500,34,27,1897,0
500,1959,500,34,27,1898,0
500,1960,500,34,27,1899,0
500,1961,500,34,27,1900,0
500,1962,500,34,27,1901,0
500,1963,500,34,27,1902,0
500,1964,500,34,27,1903,0
500,1965,500,34,27,1904,0
500,1966,500,34,27,1905,0
500,1967,500,34,27,1906,0
500,1968,500,34,27,1907,0
500,1969,500,34,27,1908,0
500,1970,500,34,27,1909,0
500,1971,500,34,27,1910,0
500,1972,500,34,27,1911,0
500,1973,500,34,27,1912,0
500,1974,500,34,27,1913,0
500,1976,500,35,27,1914,0
500,1977,500,35,27,1915,0
500,1978,500,35,27,1916,0
500,1979,500,35,27,1917,0
500,1980,500,35,27,1918,0
500,1981,500,35,27,1919,0
500,1982,500,35,27,1920,0
500,1983,500,35,27,1921,0
500,1984,500,35,27,1922,0
500,1985,500,35,27,1923,0
500,1986,500,35,27,1924,0
500,1987,500,35,27,1925,0
500,1988,500,35,27,1926,0
500,1989,500,35,27,1927,0
500,1990,500,35,27,1928,0
500,1991,500,35,27,1929,0
500,1992,500,35,27,1930,0
500,1993,500,35,27,1931,0
500,1994,500,35,27,1932,0
500,1995,500,35,27,1933,0
500,1996,500,35,27,1934,0
500,1997,500,35,27,1935,0
500,1998,500,35,27,1936,0
500,1999,500,35,27,1937,0
500,2000,500,35,27,1938,0
500,2001,500,35,27,1939,0
500,2002,500,35,27,1940,0
500,2003,500,35,27,1941,0
500,2004,500,35,27,1942,0
500,2005,500,35,27,1943,0
500,2006,500,35,27,1944,0
500,2007,500,35,27,1945,0
500,2008,500,35,27,1946,0
500,2009,500,35,27,1947,0
500,2010,500,35,27,1948,0
500,2011,500,35,27,1949,0
505,2012,500,35,27,1950,0
505,2013,500,35,27,1951,0
505,2015,505,36,27,1952,0
505,2016,505,36,27,1953,0
505,2017,505,36,27,1954,0
505,2018,505,36,27,1955,0
505,2019,505,36,27,1956,0
505,2020,505,36,27,1957,0
505,2021,505,36,27,1958,0
505,2022,505,36,27,1959,0
505,2023,505,36,27,1960,0
505,2024,505,36,27,1961,0
505,2025,505,36,27,1962,0
505,2026,505,36,27,1963,0
505,2028,505,37,27,1964,0
505,2029,505,37,27,1965,0
505,2030,505,37,27,1966,0
505,2031,505,37,27,1967,0
505,2032,505,37,27,1968,0
505,2033,505,37,27,1969,0
505,2035,505,38,27,1970,0
505,2036,505,38,28,1970,0
505,2038,505,39,28,1971,0
505,2039,505,39,28,1972,0
505,2040,505,39,28,1973,0
505,2041,505,39,28,1974,0
505,2042,505,39,28,1975,0
505,2043,505,39,28,1976,0
505,2046,505,41,28,1977,0
505,2047,505,41,28,1978,0
505,2048,505,41,29,1978,0
505,2051,505,43,29,1979,0
505,2052,505,43,29,1980,0
505,2053,505,43,29,1981,0
505,2054,505,43,29,1982,0
505,2055,505,43,29,1983,0
505,2056,505,43,29,1984,0
505,2057,505,43,29,1985,0
505,2058,505,43,29,1986,0
505,2059,505,43,29,1987,0
505,2060,505,43,29,1988,0
505,2061,505,43,29,1989,0
505,2062,505,43,29,1990,0
505,2063,505,43,30,1990,0
505,2064,505,43,30,1991,0
505,2065,505,43,30,1992,0
505,2066,505,43,30,1993,0
505,2067,505,43,30,1994,0
505,2068,505,43,30,1995,0
505,2069,505,43,30,1996,0
505,2071,505,44,30,1997,0
505,2072,505,44,30,1998,0
505,2073,505,44,30,1999,0
505,2074,505,44,30,2000,0
505,2075,505,44,30,2001,0
505,2076,505,44,30,2002,0
505,2077,505,44,30,2003,0
505,2078,505,44,30,2004,0
505,2079,505,44,30,2005,0
505,2080,505,44,30,2006,0
505,2081,505,44,30,2007,0
505,2082,505,44,30,2008,0
505,2083,505,44,30,2009,0
505,2084,505,44,30,2010,0
505,2085,505,44,30,2011,0
505,2086,505,44,30,2012,0
505,2087,505,44,30,2013,0
505,2088,505,44,30,2014,0
505,2089,505,44,30,2015,0
505,2090,505,44,30,2016,0
505,2091,505,44,30,2017,0
505,2094,505,46,30,2018,0
505,2095,505,46,30,2019,0
505,2096,505,46,30,2020,0
505,2097,505,46,30,2021,0
505,2099,505,47,30,2022,0
505,2100,505,47,31,2022,0
505,2101,505,47,31,2023,0
505,2102,505,47,31,2024,0
505,2103,505,47,31,2025,0
505,2104,505,47,31,2026,0
505,2105,505,47,31,2027,0
505,2106,505,47,31,2028,0
505,2107,505,47,31,2029,0
505,2108,505,47,31,2030,0
505,2109,505,47,31,2031,0
505,2110,505,47,31,2032,0
505,2111,505,47,31,2033,0
505,2112,505,47,31,2034,0
505,2113,505,47,31,2035,0
505,2114,505,47,31,2036,0
505,2115,505,47,31,2037,0
505,2117,505,48,31,2038,0
505,2118,505,48,31,2039,0
505,2119,505,48,31,2040,0
505,2120,505,48,31,2041,0
505,2121,505,48,31,2042,0
505,2122,505,48,31,2043,0
505,2123,505,48,31,2044,0
505,2124,505,48,31,2045,0
505,2125,505,48,31,2046,0
505,2126,505,48,31,2047,0
505,2127,505,48,31,2048,0
505,2128,505,48,31,2049,0
505,2129,505,48,31,2050,0
505,2130,505,48,31,2051,0
505,2131,505,48,31,2052,0
505,2132,505,48,31,2053,0
505,2133,505,48,31,2054,0
505,2134,505,48,31,2055,0
505,2135,505,48,31,2056,0
505,2136,505,48,31,2057,0
505,2137,505,48,32,2057,0
505,2138,505,48,32,2058,0
505,2139,505,48,32,2059,0
505,2140,505,48,32,2060,0
505,2141,505,48,32,2061,0
505,2142,505,48,32,2062,0
505,2143,505,48,32,2063,0
505,2144,505,48,32,2064,0
505,2145,505,48,32,2065,0
505,2146,505,48,32,2066,0
505,2147,505,48,33,2066,0
505,2148,505,48,33,2067,0
505,2149,505,48,33,2068,0
505,2150,505,48,34,2068,0
505,2151,505,48,34,2069,0
505,2152,505,48,34,2070,0
505,2153,505,48,34,2071,0
505,2154,505,48,34,2072,0
505,2155,505,48,35,2072,0
505,2156,505,48,35,2073,0
505,2157,505,48,35,2074,0
505,2158,505,48,35,2075,0
505,2159,505,48,35,2076,0
505,2161,505,49,35,2077,0
505,2162,505,49,35,2078,0
505,2163,505,49,35,2079,0
505,2164,505,49,35,2080,0
505,2165,505,49,36,2080,0
505,2166,505,49,36,2081,0
505,2167,505,49,36,2082,0
505,2168,505,49,36,2083,0
505,2169,505,49,36,2084,0
505,2170,505,49,36,2085,0
505,2171,505,49,36,2086,0
505,2172,505,49,36,2087,0
505,2173,505,49,36,2088,0
505,2174,505,49,36,2089,0
505,2175,505,49,36,2090,0
505,2176,505,49,36,2091,0
505,2177,505,49,36,2092,0
505,2178,505,49,36,2093,0
505,2179,505,49,36,2094,0
505,2180,505,49,36,2095,0
505,2181,505,49,36,2096,0
505,2182,505,49,36,2097,0
505,2183,505,49,36,2098,0
505,2184,505,49,36,2099,0
505,2185,505,49,36,2100,0
505,2186,505,49,36,2101,0
505,2187,505,49,36,2102,0
505,2188,505,49,36,2103,0
505,2189,505,49,36,2104,0
505,2190,505,49,36,2105,0
505,2191,505,49,36,2106,0
505,2192,505,49,36,2107,0
505,2193,505,49,36,2108,0
505,2194,505,49,36,2109,0
505,2195,505,49,36,2110,0
505,2196,505,49,36,2111,0
505,2197,505,49,36,2112,0
505,2198,505,49,36,2113,0
505,2199,505,49,36,2114,0
505,2200,505,49,36,2115,0
505,2201,505,49,36,2116,0
505,2202,505,49,36,2117,0
505,2203,505,49,36,2118,0
505,2205,505,50,36,2119,0
505,2206,505,50,36,2120,0
505,2207,505,50,36,2121,0
505,2208,505,50,36,2122,0
505,2209,505,50,36,2123,0
505,2210,505,50,36,2124,0
505,2211,505,50,36,2125,0
505,2212,505,50,36,2126,0
505,2213,505,50,36,2127,0
505,2214,505,50,36,2128,0
505,2215,505,50,36,2129,0
505,2216,505,50,36,2130,0
505,2217,505,50,36,2131,0
505,2219,505,51,36,2132,0
505,2220,505,51,36,2133,0
505,2221,505,51,36,2134,0
505,2222,505,51,36,2135,0
505,2223,505,51,36,2136,0
505,2224,505,51,36,2137,0
505,2225,505,51,36,2138,0
505,2226,505,51,36,2139,0
505,2227,505,51,36,2140,0
505,2228,505,51,36,2141,0
505,2229,505,51,36,2142,0
505,2230,505,51,36,2143,0
505,2231,505,51,36,2144,0
505,2232,505,51,36,2145,0
505,2233,505,51,36,2146,0
505,2235,505,52,36,2147,0
505,2236,505,52,36,2148,0
505,2237,505,52,36,2149,0
505,2238,505,52,36,2150,0
505,2239,505,52,36,2151,0
505,2241,505,53,36,2152,0
505,2242,505,53,36,2153,0
505,2243,505,53,36,2154,0
505,2244,505,53,36,2155,0
505,2245,505,53,36,2156,0
505,2246,505,53,36,2157,0
505,2247,505,53,36,2158,0
505,2248,505,53,36,2159,0
505,2249,505,53,36,2160,0
505,2250,505,53,36,2161,0
505,2251,505,53,36,2162,0
505,2252,505,53,36,2163,0
505,2253,505,53,36,2164,0
505,2254,505,53,36,2165,0
505,2255,505,53,36,2166,0
505,2256,505,53,36,2167,0
505,2257,505,53,36,2168,0
505,2258,505,53,36,2169,0
505,2259,505,53,36,2170,0
505,2260,505,53,36,2171,0
505,2261,505,53,36,2172,0
505,2262,505,53,36,2173,0
505,2263,505,53,36,2174,0
505,2264,505,53,36,2175,0
505,2265,505,53,36,2176,0
505,2266,505,53,36,2177,0
505,2267,505,53,36,2178,0
505,2268,505,53,36,2179,0
505,2269,505,53,36,2180,0
505,2270,505,53,36,2181,0
505,2271,505,53,36,2182,0
505,2272,505,53,37,2182,0
505,2273,505,53,37,2183,0
505,2274,505,53,37,2184,0
505,2275,505,53,37,2185,0
505,2276,505,53,37,2186,0
505,2277,505,53,38,2186,0
505,2278,505,53,38,2187,0
505,2279,505,53,38,2188,0
505,2280,505,53,38,2189,0
505,2281,505,53,38,2190,0
505,2282,505,53,38,2191,0
505,2283,505,53,38,2192,0
505,2284,505,53,38,2193,0
505,2285,505,53,38,2194,0
505,2286,505,53,38,2195,0
505,2287,505,53,38,2196,0
505,2288,505,53,38,2197,0
505,2289,505,53,38,2198,0
505,2290,505,53,38,2199,0
505,2291,505,53,38,2200,0
505,2292,505,53,38,2201,0
505,2293,505,53,38,2202,0
505,2294,505,53,38,2203,0
505,2295,505,53,38,2204,0
505,2296,505,53,38,2205,0
505,2297,505,53,38,2206,0
505,2298,505,53,38,2207,0
505,2299,505,53,38,2208,0
505,2300,505,53,38,2209,0
540,2303,505,55,38,2210,0
540,2304,505,55,38,2211,0
540,2305,505,55,38,2212,0
540,2307,540,56,38,2213,0
540,2308,540,56,39,2213,0
540,2309,540,56,39,2214,0
540,2310,540,56,40,2214,0
540,2311,540,56,40,2215,0
540,2312,540,56,41,2215,0
540,2313,540,56,41,2216,0
540,2314,540,56,41,2217,0
540,2315,540,56,41,2218,0
540,2318,540,58,41,2219,0
540,2322,540,61,42,2219,0
540,2323,540,61,43,2219,0
540,2325,540,62,43,2220,0
600,2326,540,62,43,2221,0
600,2327,540,62,43,2222,0
600,2328,540,62,43,2223,0
600,2329,540,62,43,2224,0
600,2330,540,62,43,2225,0
600,2331,540,62,43,2226,0
600,2332,540,62,43,2227,0
600,2333,540,62,43,2228,0
600,2334,540,62,43,2229,0
600,2335,540,62,43,2230,0
600,2336,540,62,43,2231,0
600,2337,540,62,43,2232,0
600,2338,540,62,43,2233,0
600,2339,540,62,43,2234,0
600,2340,540,62,43,2235,0
600,2341,540,62,43,2236,0
600,2342,540,62,43,2237,0
600,2343,540,62,43,2238,0
600,2344,540,62,43,2239,0
600,2345,540,62,43,2240,0
600,2346,540,62,43,2241,0
600,2347,540,62,43,2242,0
600,2348,540,62,43,2243,0
600,2349,540,62,43,2244,0
600,2350,540,62,43,2245,0
600,2351,540,62,43,2246,0
600,2352,540,62,43,2247,0
600,2353,540,62,43,2248,0
600,2354,540,62,43,2249,0
600,2355,540,62,43,2250,0
600,2356,540,62,43,2251,0
600,2357,540,62,43,2252,0
600,2358,540,62,43,2253,0
600,2359,540,62,43,2254,0
625,2360,540,62,43,2255,0
625,2361,540,62,43,2256,0
625,2362,540,62,43,2257,0
625,2363,540,62,43,2258,0
625,2364,540,62,43,2259,0
625,2365,540,62,43,2260,0
625,2366,540,62,43,2261,0
625,2367,540,62,43,2262,0
625,2368,540,62,43,2263,0
625,2369,540,62,43,2264,0
625,2370,540,62,43,2265,0
625,2371,540,62,43,2266,0
625,2372,540,62,43,2267,0
625,2373,540,62,43,2268,0
625,2375,625,63,43,2269,0
625,2376,625,63,43,2270,0
625,2377,625,63,43,2271,0
625,2378,625,63,43,2272,0
625,2379,625,63,43,2273,0
625,2380,625,63,44,2273,0
625,2381,625,63,44,2274,0
625,2382,625,63,44,2275,0
625,2383,625,63,44,2276,0
625,2384,625,63,44,2277,0
625,2385,625,63,44,2278,0
625,2386,625,63,44,2279,0
625,2387,625,63,44,2280,0
625,2388,625,63,44,2281,0
625,2389,625,63,44,2282,0
625,2390,625,63,44,2283,0
625,2391,625,63,44,2284,0
625,2392,625,63,44,2285,0
625,2393,625,63,44,2286,0
625,2394,625,63,45,2286,0
625,2395,625,63,45,2287,0
625,2396,625,63,45,2288,0
625,2397,625,63,45,2289,0
625,2398,625,63,45,2290,0
625,2399,625,63,45,2291,0
625,2400,625,63,45,2292,0
625,2401,625,63,45,2293,0
625,2402,625,63,46,2293,0
625,2403,625,63,46,2294,0
625,2404,625,63,46,2295,0
625,2405,625,63,46,2296,0
625,2406,625,63,46,2297,0
625,2407,625,63,46,2298,0
625,2408,625,63,46,2299,0
625,2409,625,63,46,2300,0
625,2410,625,63,47,2300,0
625,2411,625,63,47,2301,0
625,2412,625,63,47,2302,0
625,2413,625,63,47,2303,0
625,2414,625,63,47,2304,0
625,2415,625,63,47,2305,0
625,2416,625,63,47,2306,0
625,2417,625,63,47,2307,0
625,2419,625,64,47,2308,0
625,2420,625,64,47,2309,0
625,2421,625,64,48,2309,0
625,2422,625,64,48,2310,0
625,2423,625,64,48,2311,0
625,2424,625,64,48,2312,0
625,2425,625,64,48,2313,0
625,2426,625,64,48,2314,0
625,2427,625,64,48,2315,0
625,2428,625,64,48,2316,0
625,2429,625,64,48,2317,0
625,2430,625,64,48,2318,0
625,2431,625,64,48,2319,0
625,2432,625,64,48,2320,0
625,2433,625,64,48,2321,0
625,2434,625,64,48,2322,0
625,2435,625,64,48,2323,0
625,2436,625,64,48,2324,0
625,2437,625,64,48,2325,0
625,2438,625,64,48,2326,0
625,2439,625,64,48,2327,0
625,2440,625,64,48,2328,0
625,2441,625,64,48,2329,0
625,2442,625,64,48,2330,0
625,2443,625,64,48,2331,0
625,2444,625,64,48,2332,0
625,2445,625,64,48,2333,0
625,2446,625,64,49,2333,0
625,2447,625,64,50,2333,0
625,2448,625,64,50,2334,0
625,2449,625,64,50,2335,0
625,2450,625,64,50,2336,0
625,2451,625,64,50,2337,0
625,2452,625,64,50,2338,0
625,2453,625,64,50,2339,0
625,2454,625,64,50,2340,0
625,2455,625,64,50,2341,0
625,2456,625,64,50,2342,0
625,2457,625,64,50,2343,0
625,2458,625,64,51,2343,0
625,2459,625,64,51,2344,0
625,2460,625,64,51,2345,0
625,2461,625,64,51,2346,0
625,2462,625,64,52,2346,0
625,2463,625,64,52,2347,0
625,2464,625,64,52,2348,0
625,2465,625,64,52,2349,0
625,2466,625,64,52,2350,0
625,2467,625,64,52,2351,0
625,2470,625,66,52,2352,0
625,2472,625,67,52,2353,0
625,2473,625,67,52,2354,0
625,2474,625,67,52,2355,0
625,2475,625,67,52,2356,0
625,2476,625,67,52,2357,0
625,2477,625,67,52,2358,0
625,2478,625,67,52,2359,0
625,2480,625,68,52,2360,0
625,2481,625,68,52,2361,0
625,2482,625,68,52,2362,0
625,2483,625,68,52,2363,0
625,2484,625,68,52,2364,0
625,2485,625,68,52,2365,0
625,2486,625,68,52,2366,0
625,2487,625,68,52,2367,0
625,2490,625,70,52,2368,0
625,2491,625,70,52,2369,0
625,2492,625,70,52,2370,0
625,2493,625,70,52,2371,0
625,2494,625,70,52,2372,0
625,2495,625,70,52,2373,0
625,2496,625,70,52,2374,0
625,2497,625,70,52,2375,0
625,2498,625,70,52,2376,0
625,2499,625,70,52,2377,0
625,2500,625,70,52,2378,0
625,2501,625,70,52,2379,0
625,2502,625,70,52,2380,0
625,2503,625,70,53,2380,0
625,2504,625,70,53,2381,0
625,2505,625,70,53,2382,0
625,2506,625,70,53,2383,0
625,2507,625,70,53,2384,0
625,2508,625,70,53,2385,0
625,2509,625,70,53,2386,0
625,2510,625,70,53,2387,0
625,2511,625,70,53,2388,0
625,2512,625,70,53,2389,0
625,2513,625,70,53,2390,0
625,2514,625,70,53,2391,0
625,2515,625,70,53,2392,0
625,2516,625,70,53,2393,0
625,2517,625,70,53,2394,0
625,2518,625,70,53,2395,0
625,2519,625,70,53,2396,0
625,2520,625,70,53,2397,0
625,2521,625,70,53,2398,0
625,2522,625,70,53,2399,0
625,2523,625,70,53,2400,0
625,2524,625,70,53,2401,0
625,2525,625,70,53,2402,0
625,2526,625,70,53,2403,0
625,2527,625,70,53,2404,0
625,2528,625,70,53,2405,0
625,2529,625,70,53,2406,0
625,2530,625,70,53,2407,0
625,2531,625,70,53,2408,0
625,2532,625,70,53,2409,0
625,2533,625,70,54,2409,0
625,2534,625,70,54,2410,0
625,2535,625,70,54,2411,0
625,2536,625,70,55,2411,0
625,2538,625,71,56,2411,0
625,2540,625,72,56,2412,0
625,2541,625,72,56,2413,0
625,2542,625,72,56,2414,0
625,2543,625,72,56,2415,0
625,2544,625,72,56,2416,0
625,2545,625,72,56,2417,0
625,2546,625,72,56,2418,0
625,2547,625,72,56,2419,0
625,2548,625,72,56,2420,0
625,2549,625,72,56,2421,0
625,2550,625,72,56,2422,0
625,2552,625,73,56,2423,0
625,2553,625,73,56,2424,0
625,2554,625,73,57,2424,0
625,2555,625,73,57,2425,0
625,2556,625,73,57,2426,0
625,2557,625,73,57,2427,0
625,2559,625,74,57,2428,0
625,2560,625,74,57,2429,0
625,2561,625,74,57,2430,0
625,2562,625,74,57,2431,0
625,2563,625,74,57,2432,0
625,2565,625,75,57,2433,0
625,2566,625,75,57,2434,0
625,2567,625,75,57,2435,0
630,2568,625,75,57,2436,0
630,2569,625,75,57,2437,0
630,2570,625,75,58,2437,0
630,2571,625,75,58,2438,0
630,2572,625,75,58,2439,0
630,2573,625,75,58,2440,0
630,2574,625,75,58,2441,0
630,2578,630,78,58,2442,0
630,2579,630,78,58,2443,0
630,2580,630,78,58,2444,0
630,2582,630,79,58,2445,0
630,2583,630,79,58,2446,0
630,2584,630,79,58,2447,0
630,2585,630,79,58,2448,0
630,2586,630,79,58,2449,0
630,2587,630,79,58,2450,0
630,2588,630,79,58,2451,0
630,2589,630,79,58,2452,0
630,2590,630,79,58,2453,0
630,2591,630,79,58,2454,0
630,2594,630,81,58,2455,0
630,2595,630,81,58,2456,0
630,2596,630,81,58,2457,0
630,2597,630,81,58,2458,0
630,2598,630,81,58,2459,0
630,2599,630,81,58,2460,0
630,2600,630,81,58,2461,0
630,2601,630,81,58,2462,0
630,2602,630,81,58,2463,0
630,2603,630,81,58,2464,0
630,2604,630,81,58,2465,0
630,2605,630,81,58,2466,0
630,2606,630,81,58,2467,0
630,2607,630,81,58,2468,0
630,2608,630,81,58,2469,0
630,2609,630,81,58,2470,0
630,2610,630,81,58,2471,0
630,2611,630,81,58,2472,0
630,2612,630,81,59,2472,0
630,2613,630,81,59,2473,0
630,2615,630,82,59,2474,0
630,2616,630,82,60,2474,0
630,2617,630,82,60,2475,0
630,2618,630,82,60,2476,0
630,2620,630,83,60,2477,0
630,2621,630,83,60,2478,0
630,2622,630,83,60,2479,0
630,2623,630,83,60,2480,0
630,2624,630,83,60,2481,0
630,2625,630,83,60,2482,0
630,2626,630,83,60,2483,0
630,2628,630,84,60,2484,0
630,2629,630,84,60,2485,0
630,2630,630,84,61,2485,0
630,2631,630,84,61,2486,0
630,2632,630,84,61,2487,0
630,2633,630,84,61,2488,0
630,2634,630,84,61,2489,0
630,2635,630,84,61,2490,0
630,2636,630,84,61,2491,0
630,2637,630,84,61,2492,0
630,2639,630,85,61,2493,0
630,2640,630,85,62,2493,0
630,2641,630,85,62,2494,0
630,2642,630,85,62,2495,0
630,2643,630,85,62,2496,0
630,2644,630,85,62,2497,0
630,2645,630,85,62,2498,0
630,2646,630,85,62,2499,0
630,2647,630,85,62,2500,0
630,2648,630,85,62,2501,0
630,2649,630,85,62,2502,0
630,2650,630,85,62,2503,0
630,2651,630,85,62,2504,0
630,2652,630,85,62,2505,0
630,2654,630,86,62,2506,0
630,2655,630,86,62,2507,0
630,2656,630,86,62,2508,0
630,2657,630,86,62,2509,0
630,2658,630,86,62,2510,0
630,2659,630,86,62,2511,0
630,2660,630,86,62,2512,0
630,2661,630,86,62,2513,0
630,2662,630,86,62,2514,0
630,2663,630,86,62,2515,0
630,2664,630,86,62,2516,0
630,2665,630,86,63,2516,0
630,2667,630,87,63,2517,0
630,2668,630,87,63,2518,0
630,2669,630,87,63,2519,0
630,2670,630,87,63,2520,0
630,2671,630,87,63,2521,0
630,2672,630,87,63,2522,0
630,2673,630,87,63,2523,0
630,2674,630,87,63,2524,0
630,2675,630,87,63,2525,0
630,2676,630,87,63,2526,0
630,2677,630,87,63,2527,0
630,2678,630,87,63,2528,0
630,2679,630,87,63,2529,0
630,2680,630,87,63,2530,0
630,2682,630,88,63,2531,0
630,2683,630,88,63,2532,0
630,2684,630,88,63,2533,0
630,2685,630,88,63,2534,0
630,2686,630,88,63,2535,0
630,2687,630,88,63,2536,0
630,2688,630,88,63,2537,0
630,2690,630,89,63,2538,0
630,2691,630,89,63,2539,0
630,2692,630,89,63,2540,0
630,2693,630,89,63,2541,0
630,2694,630,89,63,2542,0
630,2695,630,89,63,2543,0
630,2696,630,89,63,2544,0
630,2697,630,89,63,2545,0
630,2698,630,89,63,2546,0
630,2699,630,89,63,2547,0
630,2700,630,89,63,2548,0
630,2701,630,89,63,2549,0
630,2702,630,89,63,2550,0
630,2703,630,89,63,2551,0
630,2704,630,89,63,2552,0
630,2705,630,89,63,2553,0
630,2706,630,89,63,2554,0
630,2707,630,89,63,2555,0
630,2708,630,89,63,2556,0
630,2709,630,89,63,2557,0
630,2710,630,89,63,2558,0
630,2711,630,89,63,2559,0
630,2712,630,89,63,2560,0
630,2713,630,89,63,2561,0
630,2714,630,89,63,2562,0
635,2715,630,89,63,2563,0
635,2716,630,89,63,2564,0
635,2717,630,89,63,2565,0
635,2718,630,89,63,2566,0
635,2719,630,89,63,2567,0
635,2720,630,89,63,2568,0
635,2721,630,89,63,2569,0
635,2722,630,89,63,2570,0
635,2723,630,89,63,2571,0
635,2724,630,89,63,2572,0
635,2725,630,89,63,2573,0
635,2726,630,89,63,2574,0
635,2727,630,89,63,2575,0
635,2728,630,89,63,2576,0
635,2729,630,89,63,2577,0
635,2730,630,89,63,2578,0
635,2731,630,89,63,2579,0
635,2732,630,89,63,2580,0
635,2733,630,89,63,2581,0
635,2734,630,89,63,2582,0
635,2735,630,89,63,2583,0
635,2736,630,89,63,2584,0
635,2737,630,89,63,2585,0
635,2738,630,89,63,2586,0
635,2740,635,90,63,2587,0
635,2741,635,90,63,2588,0
635,2742,635,90,63,2589,0
635,2743,635,90,63,2590,0
635,2744,635,90,63,2591,0
635,2745,635,90,63,2592,0
635,2746,635,90,63,2593,0
635,2747,635,90,63,2594,0
635,2748,635,90,63,2595,0
635,2749,635,90,63,2596,0
635,2750,635,90,63,2597,0
635,2751,635,90,63,2598,0
635,2752,635,90,63,2599,0
635,2753,635,90,63,2600,0
635,2754,635,90,63,2601,0
635,2755,635,90,63,2602,0
635,2756,635,90,63,2603,0
635,2757,635,90,63,2604,0
635,2758,635,90,63,2605,0
635,2759,635,90,63,2606,0
635,2760,635,90,63,2607,0
635,2761,635,90,63,2608,0
635,2762,635,90,63,2609,0
635,2763,635,90,63,2610,0
635,2764,635,90,63,2611,0
635,2765,635,90,63,2612,0
635,2766,635,90,63,2613,0
635,2767,635,90,63,2614,0
635,2768,635,90,63,2615,0
635,2769,635,90,63,2616,0
635,2770,635,90,63,2617,0
635,2771,635,90,63,2618,0
635,2772,635,90,63,2619,0
635,2773,635,90,63,2620,0
635,2774,635,90,63,2621,0
635,2775,635,90,63,2622,0
635,2776,635,90,63,2623,0
660,2777,635,90,63,2624,0
660,2778,635,90,63,2625,0
660,2779,635,90,63,2626,0
660,2780,635,90,63,2627,0
660,2781,635,90,63,2628,0
660,2783,660,91,63,2629,0
660,2784,660,91,63,2630,0
660,2785,660,91,63,2631,0
660,2786,660,91,64,2631,0
660,2787,660,91,64,2632,0
660,2789,660,92,65,2632,0
660,2790,660,92,65,2633,0
660,2791,660,92,65,2634,0
660,2792,660,92,65,2635,0
660,2793,660,92,65,2636,0
660,2794,660,92,65,2637,0
660,2795,660,92,65,2638,0
660,2796,660,92,66,2638,0
660,2797,660,92,66,2639,0
660,2798,660,92,67,2639,0
660,2799,660,92,67,2640,0
702,2803,660,95,67,2641,0
702,2804,660,95,67,2642,0
702,2805,660,95,67,2643,0
702,2806,660,95,67,2644,0
702,2807,660,95,67,2645,0
702,2808,660,95,67,2646,0
702,2809,660,95,67,2647,0
702,2810,660,95,67,2648,0
702,2811,660,95,67,2649,0
702,2812,660,95,67,2650,0
702,2813,660,95,67,2651,0
702,2814,660,95,67,2652,0
702,2815,660,95,67,2653,0
702,2816,660,95,67,2654,0
702,2817,660,95,67,2655,0
702,2818,660,95,67,2656,0
702,2819,660,95,67,2657,0
702,2820,660,95,68,2657,0
702,2821,660,95,68,2658,0
702,2822,660,95,68,2659,0
702,2823,660,95,68,2660,0
702,2824,660,95,68,2661,0
702,2825,660,95,68,2662,0
702,2826,660,95,68,2663,0
702,2828,702,96,69,2663,0
702,2829,702,96,69,2664,0
702,2830,702,96,69,2665,0
702,2831,702,96,69,2666,0
702,2832,702,96,69,2667,0
702,2833,702,96,69,2668,0
702,2835,702,97,69,2669,0
702,2836,702,97,69,2670,0
702,2837,702,97,69,2671,0
702,2838,702,97,69,2672,0
702,2839,702,97,69,2673,0
721,2840,702,97,69,2674,0
721,2841,702,97,69,2675,0
721,2842,702,97,69,2676,0
721,2843,702,97,69,2677,0
721,2844,702,97,69,2678,0
721,2845,702,97,69,2679,0
721,2846,702,97,69,2680,0
721,2847,702,97,69,2681,0
721,2848,702,97,70,2681,0
721,2849,702,97,70,2682,0
721,2850,702,97,70,2683,0
721,2851,702,97,70,2684,0
721,2852,702,97,70,2685,0
721,2853,702,97,70,2686,0
721,2854,702,97,70,2687,0
721,2855,702,97,70,2688,0
722,2857,721,98,70,2689,0
723,2858,721,98,70,2690,0
723,2859,721,98,70,2691,0
723,2860,721,98,70,2692,0
723,2861,721,98,70,2693,0
723,2862,721,98,70,2694,0
723,2863,721,98,70,2695,0
723,2864,721,98,71,2695,0
723,2865,721,98,71,2696,0
723,2866,721,98,71,2697,0
723,2867,721,98,71,2698,0
723,2868,721,98,72,2698,0
723,2869,721,98,72,2699,0
723,2870,721,98,72,2700,0
723,2871,721,98,72,2701,0
723,2872,721,98,72,2702,0
723,2873,721,98,72,2703,0
723,2875,723,99,72,2704,0
723,2876,723,99,72,2705,0
723,2877,723,99,72,2706,0
723,2878,723,99,72,2707,0
723,2879,723,99,72,2708,0
723,2880,723,99,72,2709,0
723,2881,723,99,72,2710,0
723,2882,723,99,72,2711,0
723,2883,723,99,72,2712,0
723,2884,723,99,72,2713,0
723,2885,723,99,72,2714,0
723,2886,723,99,72,2715,0
723,2887,723,99,72,2716,0
723,2888,723,99,72,2717,0
723,2889,723,99,72,2718,0
723,2890,723,99,72,2719,0
723,2891,723,99,72,2720,0
723,2892,723,99,72,2721,0
723,2893,723,99,72,2722,0
723,2894,723,99,72,2723,0
723,2895,723,99,72,2724,0
723,2896,723,99,72,2725,0
723,2897,723,99,72,2726,0
723,2898,723,99,72,2727,0
723,2899,723,99,72,2728,0
723,2900,723,99,72,2729,0
723,2901,723,99,73,2729,0
723,2902,723,99,73,2730,0
723,2903,723,99,73,2731,0
723,2905,723,100,73,2732,0
724,2907,724,101,73,2733,0
724,2908,724,101,73,2734,0
724,2909,724,101,73,2735,0
724,2910,724,101,73,2736,0
724,2911,724,101,73,2737,0
724,2912,724,101,73,2738,0
724,2913,724,101,73,2739,0
724,2914,724,101,74,2739,0
724,2915,724,101,74,2740,0
724,2916,724,101,74,2741,0
724,2917,724,101,74,2742,0
724,2918,724,101,74,2743,0
724,2920,724,102,74,2744,0
724,2921,724,102,74,2745,0
724,2922,724,102,74,2746,0
724,2923,724,102,74,2747,0
724,2924,724,102,74,2748,0
724,2925,724,102,74,2749,0
724,2926,724,102,74,2750,0
724,2927,724,102,74,2751,0
724,2928,724,102,74,2752,0
724,2929,724,102,74,2753,0
724,2930,724,102,74,2754,0
724,2931,724,102,74,2755,0
724,2932,724,102,74,2756,0
724,2933,724,102,74,2757,0
724,2934,724,102,74,2758,0
724,2935,724,102,74,2759,0
724,2936,724,102,74,2760,0
725,2937,724,102,74,2761,0
725,2938,724,102,74,2762,0
725,2939,724,102,74,2763,0
725,2940,724,102,74,2764,0
725,2941,724,102,75,2764,0
725,2942,724,102,75,2765,0
725,2943,724,102,75,2766,0
725,2944,724,102,75,2767,0
727,2946,725,103,75,2768,0
727,2947,725,103,75,2769,0
727,2948,725,103,76,2769,0
727,2949,725,103,76,2770,0
727,2950,725,103,76,2771,0
727,2951,725,103,77,2771,0
727,2952,725,103,77,2772,0
727,2953,725,103,77,2773,0
727,2954,725,103,77,2774,0
727,2955,725,103,77,2775,0
728,2957,728,104,77,2776,0
728,2958,728,104,77,2777,0
728,2959,728,104,77,2778,0
728,2960,728,104,77,2779,0
728,2961,728,104,77,2780,0
728,2962,728,104,77,2781,0
728,2963,728,104,77,2782,0
728,2964,728,104,77,2783,0
728,2965,728,104,77,2784,0
728,2966,728,104,77,2785,0
728,2967,728,104,77,2786,0
728,2968,728,104,77,2787,0
728,2969,728,104,77,2788,0
728,2970,728,104,77,2789,0
728,2971,728,104,77,2790,0
728,2972,728,104,77,2791,0
728,2973,728,104,77,2792,0
728,2974,728,104,77,2793,0
728,2975,728,104,77,2794,0
728,2976,728,104,77,2795,0
728,2977,728,104,77,2796,0
728,2978,728,104,77,2797,0
728,2979,728,104,77,2798,0
728,2980,728,104,77,2799,0
728,2981,728,104,77,2800,0
728,2982,728,104,77,2801,0
728,2983,728,104,77,2802,0
728,2984,728,104,77,2803,0
728,2985,728,104,77,2804,0
728,2986,728,104,77,2805,0
728,2987,728,104,77,2806,0
728,2988,728,104,77,2807,0
728,2989,728,104,77,2808,0
728,2990,728,104,77,2809,0
728,2991,728,104,77,2810,0
728,2992,728,104,77,2811,0
728,2993,728,104,77,2812,0
728,2994,728,104,77,2813,0
728,2995,728,104,77,2814,0
728,2996,728,104,77,2815,0
728,2997,728,104,77,2816,0
728,2998,728,104,77,2817,0
728,2999,728,104,77,2818,0
728,3000,728,104,77,2819,0
728,3001,728,104,77,2820,0
728,3002,728,104,77,2821,0
728,3003,728,104,77,2822,0
728,3005,728,105,77,2823,0
728,3007,728,106,77,2824,0
728,3008,728,106,77,2825,0
728,3009,728,106,77,2826,0
728,3010,728,106,77,2827,0
728,3011,728,106,77,2828,0
728,3012,728,106,77,2829,0
728,3013,728,106,77,2830,0
728,3014,728,106,77,2831,0
728,3017,728,108,77,2832,0
728,3018,728,108,77,2833,0
728,3020,728,109,77,2834,0
728,3021,728,109,77,2835,0
728,3022,728,109,77,2836,0
728,3023,728,109,77,2837,0
728,3024,728,109,77,2838,0
728,3025,728,109,77,2839,0
728,3026,728,109,77,2840,0
728,3027,728,109,77,2841,0
728,3028,728,109,77,2842,0
728,3029,728,109,77,2843,0
728,3030,728,109,77,2844,0
729,3031,728,109,77,2845,0
729,3032,728,109,77,2846,0
729,3033,728,109,77,2847,0
729,3034,728,109,77,2848,0
729,3035,728,109,77,2849,0
729,3036,728,109,77,2850,0
729,3037,728,109,77,2851,0
729,3038,728,109,77,2852,0
729,3039,728,109,77,2853,0
729,3040,728,109,77,2854,0
729,3041,728,109,77,2855,0
729,3042,728,109,78,2855,0
729,3043,728,109,78,2856,0
729,3044,728,109,78,2857,0
729,3045,728,109,78,2858,0
729,3046,728,109,78,2859,0
729,3047,728,109,78,2860,0
729,3048,728,109,79,2860,0
729,3049,728,109,79,2861,0
729,3050,728,109,79,2862,0
729,3051,728,109,79,2863,0
729,3052,728,109,79,2864,0
729,3053,728,109,79,2865,0
729,3054,728,109,79,2866,0
729,3055,728,109,79,2867,0
729,3056,728,109,79,2868,0
729,3057,728,109,79,2869,0
729,3058,728,109,79,2870,0
729,3059,728,109,79,2871,0
729,3061,729,110,79,2872,0
729,3062,729,110,79,2873,0
729,3063,729,110,79,2874,0
729,3064,729,110,79,2875,0
729,3065,729,110,79,2876,0
729,3066,729,110,79,2877,0
729,3067,729,110,79,2878,0
729,3069,729,111,79,2879,0
729,3070,729,111,79,2880,0
729,3071,729,111,79,2881,0
729,3072,729,111,79,2882,0
729,3073,729,111,79,2883,0
733,3074,729,111,79,2884,0
733,3075,729,111,79,2885,0
733,3076,729,111,79,2886,0
733,3078,733,112,79,2887,0
733,3079,733,112,79,2888,0
733,3080,733,112,79,2889,0
733,3081,733,112,80,2889,0
733,3082,733,112,80,2890,0
733,3083,733,112,81,2890,0
733,3084,733,112,82,2890,0
733,3085,733,112,82,2891,0
733,3086,733,112,82,2892,0
733,3087,733,112,82,2893,0
733,3088,733,112,82,2894,0
734,3089,733,112,82,2895,0
734,3090,733,112,82,2896,0
734,3091,733,112,82,2897,0
734,3092,733,112,82,2898,0
734,3093,733,112,82,2899,0
734,3094,733,112,82,2900,0
734,3095,733,112,82,2901,0
734,3096,733,112,82,2902,0
734,3097,733,112,82,2903,0
734,3098,733,112,82,2904,0
734,3099,733,112,82,2905,0
734,3100,733,112,82,2906,0
734,3101,733,112,82,2907,0
734,3102,733,112,82,2908,0
734,3103,733,112,83,2908,0
734,3104,733,112,83,2909,0
734,3105,733,112,83,2910,0
734,3106,733,112,83,2911,0
734,3107,733,112,83,2912,0
734,3109,734,113,83,2913,0
734,3110,734,113,83,2914,0
734,3111,734,113,83,2915,0
734,3112,734,113,83,2916,0
734,3113,734,113,83,2917,0
734,3115,734,114,83,2918,0
735,3116,734,114,83,2919,0
735,3117,734,114,83,2920,0
735,3118,734,114,83,2921,0
735,3119,734,114,83,2922,0
735,3121,735,115,83,2923,0
735,3122,735,115,83,2924,0
735,3123,735,115,83,2925,0
735,3124,735,115,83,2926,0
735,3126,735,116,84,2926,0
735,3127,735,116,84,2927,0
735,3129,735,117,84,2928,0
735,3130,735,117,84,2929,0
736,3132,735,118,84,2930,0
736,3133,735,118,84,2931,0
736,3134,735,118,84,2932,0
736,3135,735,118,84,2933,0
736,3136,735,118,84,2934,0
736,3137,735,118,84,2935,0
736,3138,735,118,85,2935,0
736,3139,735,118,85,2936,0
736,3140,735,118,85,2937,0
736,3141,735,118,85,2938,0
736,3142,735,118,85,2939,0
736,3143,735,118,85,2940,0
736,3144,735,118,85,2941,0
736,3145,735,118,85,2942,0
736,3146,735,118,85,2943,0
736,3147,735,118,85,2944,0
736,3148,735,118,85,2945,0
736,3149,735,118,85,2946,0
736,3150,735,118,85,2947,0
736,3151,735,118,85,2948,0
737,3152,735,118,85,2949,0
737,3153,735,118,85,2950,0
737,3154,735,118,85,2951,0
737,3155,735,118,85,2952,0
737,3156,735,118,85,2953,0
737,3157,735,118,85,2954,0
737,3159,737,119,85,2955,0
737,3160,737,119,85,2956,0
737,3161,737,119,85,2957,0
737,3162,737,119,86,2957,0
737,3163,737,119,86,2958,0
737,3164,737,119,86,2959,0
737,3165,737,119,86,2960,0
737,3166,737,119,86,2961,0
737,3167,737,119,87,2961,0
737,3168,737,119,87,2962,0
737,3169,737,119,87,2963,0
737,3170,737,119,87,2964,0
737,3171,737,119,88,2964,0
737,3172,737,119,88,2965,0
737,3173,737,119,88,2966,0
737,3174,737,119,88,2967,0
737,3175,737,119,88,2968,0
737,3176,737,119,88,2969,0
737,3180,737,122,88,2970,0
737,3181,737,122,88,2971,0
737,3182,737,122,88,2972,0
737,3183,737,122,89,2972,0
737,3184,737,122,89,2973,0
737,3185,737,122,89,2974,0
737,3186,737,122,89,2975,0
761,3188,737,123,89,2976,0
761,3190,761,124,89,2977,0
761,3191,761,124,89,2978,0
761,3192,761,124,89,2979,0
761,3193,761,124,89,2980,0
761,3194,761,124,89,2981,0
761,3195,761,124,89,2982,0
761,3196,761,124,89,2983,0
761,3197,761,124,89,2984,0
761,3198,761,124,89,2985,0
761,3199,761,124,89,2986,0
761,3200,761,124,89,2987,0
761,3201,761,124,89,2988,0
761,3202,761,124,89,2989,0
761,3203,761,124,89,2990,0
762,3204,761,124,89,2991,0
762,3205,761,124,89,2992,0
762,3206,761,124,89,2993,0
762,3207,761,124,89,2994,0
762,3208,761,124,89,2995,0
762,3209,761,124,89,2996,0
762,3210,761,124,89,2997,0
802,3211,761,124,89,2998,0
802,3212,761,124,89,2999,0
802,3213,761,124,89,3000,0
802,3214,761,124,89,3001,0
802,3215,761,124,89,3002,0
802,3216,761,124,89,3003,0
802,3217,761,124,89,3004,0
802,3218,761,124,89,3005,0
802,3219,761,124,89,3006,0
802,3220,761,124,89,3007,0
803,3221,761,124,89,3008,0
803,3222,761,124,90,3008,0
803,3223,761,124,90,3009,0
803,3224,761,124,90,3010,0
803,3225,761,124,90,3011,0
803,3226,761,124,90,3012,0
803,3227,761,124,90,3013,0
803,3228,761,124,90,3014,0
803,3229,761,124,90,3015,0
803,3230,761,124,90,3016,0
803,3231,761,124,90,3017,0
803,3232,761,124,90,3018,0
803,3233,761,124,90,3019,0
803,3235,803,125,90,3020,0
803,3236,803,125,90,3021,0
803,3237,803,125,90,3022,0
803,3239,803,126,90,3023,0
803,3240,803,126,90,3024,0
803,3241,803,126,90,3025,0
822,3242,803,126,90,3026,0
822,3243,803,126,90,3027,0
822,3244,803,126,90,3028,0
822,3245,803,126,90,3029,0
822,3246,803,126,90,3030,0
822,3247,803,126,90,3031,0
822,3248,803,126,90,3032,0
822,3249,803,126,90,3033,0
822,3250,803,126,90,3034,0
822,3251,803,126,90,3035,0
822,3252,803,126,90,3036,0
822,3253,803,126,90,3037,0
822,3254,803,126,91,3037,0
822,3255,803,126,91,3038,0
822,3256,803,126,91,3039,0
823,3258,822,127,91,3040,0
823,3259,822,127,91,3041,0
823,3260,822,127,91,3042,0
823,3261,822,127,91,3043,0
823,3262,822,127,92,3043,0
823,3263,822,127,92,3044,0
823,3264,822,127,92,3045,0
823,3265,822,127,92,3046,0
823,3266,822,127,92,3047,0
823,3267,822,127,92,3048,0
823,3268,822,127,92,3049,0
824,3269,822,127,92,3050,0
824,3270,822,127,92,3051,0
824,3271,822,127,92,3052,0
824,3272,822,127,92,3053,0
824,3273,822,127,92,3054,0
824,3274,822,127,92,3055,0
824,3276,824,128,92,3056,0
824,3277,824,128,92,3057,0
824,3278,824,128,92,3058,0
824,3279,824,128,92,3059,0
824,3280,824,128,92,3060,0
824,3281,824,128,92,3061,0
824,3282,824,128,92,3062,0
824,3283,824,128,92,3063,0
824,3285,824,129,92,3064,0
824,3286,824,129,92,3065,0
824,3287,824,129,92,3066,0
824,3288,824,129,92,3067,0
824,3289,824,129,92,3068,0
824,3290,824,129,92,3069,0
824,3291,824,129,92,3070,0
824,3292,824,129,92,3071,0
824,3293,824,129,92,3072,0
824,3294,824,129,92,3073,0
824,3295,824,129,92,3074,0
824,3296,824,129,92,3075,0
824,3297,824,129,92,3076,0
824,3298,824,129,92,3077,0
824,3299,824,129,92,3078,0
824,3300,824,129,92,3079,0
824,3301,824,129,93,3079,0
824,3302,824,129,93,3080,0
824,3303,824,129,93,3081,0
824,3304,824,129,93,3082,0
824,3305,824,129,93,3083,0
824,3306,824,129,93,3084,0
824,3307,824,129,93,3085,0
824,3308,824,129,93,3086,0
824,3309,824,129,93,3087,0
824,3310,824,129,93,3088,0
824,3311,824,129,94,3088,0
824,3312,824,129,94,3089,0
824,3315,824,131,94,3090,0
824,3316,824,131,94,3091,0
825,3317,824,131,94,3092,0
825,3318,824,131,94,3093,0
825,3320,825,132,95,3093,0
825,3321,825,132,95,3094,0
825,3322,825,132,95,3095,0
825,3323,825,132,95,3096,0
825,3324,825,132,95,3097,0
825,3325,825,132,95,3098,0
825,3326,825,132,95,3099,0
825,3327,825,132,95,3100,0
825,3328,825,132,95,3101,0
825,3329,825,132,95,3102,0
825,3330,825,132,96,3102,0
825,3331,825,132,96,3103,0
825,3333,825,133,96,3104,0
825,3334,825,133,96,3105,0
825,3336,825,134,96,3106,0
825,3337,825,134,96,3107,0
825,3338,825,134,96,3108,0
825,3339,825,134,96,3109,0
827,3340,825,134,96,3110,0
827,3341,825,134,96,3111,0
827,3342,825,134,96,3112,0
827,3343,825,134,96,3113,0
827,3344,825,134,96,3114,0
827,3345,825,134,96,3115,0
827,3346,825,134,96,3116,0
827,3347,825,134,96,3117,0
827,3348,825,134,96,3118,0
827,3349,825,134,96,3119,0
827,3350,825,134,96,3120,0
827,3351,825,134,97,3120,0
827,3352,825,134,97,3121,0
827,3353,825,134,97,3122,0
828,3354,825,134,97,3123,0
828,3355,825,134,97,3124,0
828,3356,825,134,97,3125,0
828,3357,825,134,97,3126,0
828,3358,825,134,97,3127,0
828,3359,825,134,97,3128,0
828,3361,828,135,97,3129,0
828,3362,828,135,97,3130,0
828,3363,828,135,97,3131,0
828,3364,828,135,97,3132,0
828,3365,828,135,97,3133,0
828,3367,828,136,97,3134,0
828,3368,828,136,97,3135,0
829,3369,828,136,97,3136,0
829,3370,828,136,97,3137,0
829,3371,828,136,97,3138,0
829,3372,828,136,97,3139,0
829,3373,828,136,97,3140,0
829,3374,828,136,98,3140,0
829,3375,828,136,98,3141,0
829,3376,828,136,98,3142,0
829,3377,828,136,98,3143,0
829,3378,828,136,98,3144,0
829,3379,828,136,98,3145,0
829,3380,828,136,98,3146,0
829,3381,828,136,98,3147,0
829,3383,829,137,98,3148,0
829,3384,829,137,98,3149,0
829,3386,829,138,98,3150,0
829,3387,829,138,98,3151,0
829,3388,829,138,98,3152,0
829,3389,829,138,98,3153,0
829,3390,829,138,98,3154,0
829,3391,829,138,99,3154,0
829,3392,829,138,99,3155,0
829,3393,829,138,99,3156,0
829,3394,829,138,99,3157,0
829,3395,829,138,99,3158,0
829,3396,829,138,100,3158,0
829,3397,829,138,100,3159,0
829,3398,829,138,100,3160,0
829,3399,829,138,100,3161,0
829,3400,829,138,100,3162,0
829,3401,829,138,100,3163,0
829,3402,829,138,100,3164,0
829,3403,829,138,100,3165,0
829,3404,829,138,100,3166,0
829,3406,829,139,100,3167,0
829,3407,829,139,100,3168,0
829,3408,829,139,100,3169,0
829,3409,829,139,100,3170,0
829,3410,829,139,100,3171,0
829,3411,829,139,100,3172,0
829,3412,829,139,100,3173,0
829,3413,829,139,100,3174,0
829,3414,829,139,100,3175,0
830,3416,829,140,100,3176,0
830,3417,829,140,100,3177,0
830,3418,829,140,100,3178,0
830,3419,829,140,100,3179,0
830,3420,829,140,100,3180,0
830,3421,829,140,100,3181,0
830,3422,829,140,100,3182,0
830,3423,829,140,100,3183,0
830,3424,829,140,100,3184,0
830,3425,829,140,100,3185,0
830,3426,829,140,100,3186,0
830,3427,829,140,100,3187,0
830,3428,829,140,101,3187,0
830,3429,829,140,101,3188,0
830,3430,829,140,101,3189,0
830,3431,829,140,101,3190,0
830,3432,829,140,102,3190,0
830,3433,829,140,102,3191,0
830,3434,829,140,102,3192,0
830,3435,829,140,102,3193,0
830,3436,829,140,102,3194,0
830,3437,829,140,103,3194,0
830,3438,829,140,103,3195,0
830,3440,830,141,103,3196,0
830,3443,830,143,103,3197,0
830,3444,830,143,103,3198,0
830,3445,830,143,103,3199,0
830,3446,830,143,103,3200,0
830,3447,830,143,103,3201,0
830,3448,830,143,103,3202,0
830,3449,830,143,103,3203,0
830,3450,830,143,103,3204,0
830,3451,830,143,103,3205,0
830,3452,830,143,103,3206,0
830,3453,830,143,103,3207,0
830,3454,830,143,103,3208,0
830,3455,830,143,103,3209,0
830,3456,830,143,103,3210,0
830,3457,830,143,103,3211,0
830,3458,830,143,103,3212,0
832,3459,830,143,103,3213,0
832,3460,830,143,103,3214,0
832,3461,830,143,103,3215,0
832,3462,830,143,103,3216,0
832,3463,830,143,104,3216,0
832,3464,830,143,104,3217,0
832,3465,830,143,104,3218,0
832,3466,830,143,104,3219,0
832,3467,830,143,104,3220,0
832,3468,830,143,105,3220,0
833,3471,832,145,105,3221,0
833,3472,832,145,105,3222,0
833,3473,832,145,105,3223,0
833,3474,832,145,105,3224,0
833,3475,832,145,105,3225,0
833,3476,832,145,105,3226,0
833,3477,832,145,105,3227,0
833,3478,832,145,105,3228,0
833,3479,832,145,105,3229,0
833,3480,832,145,105,3230,0
833,3481,832,145,105,3231,0
833,3482,832,145,105,3232,0
833,3483,832,145,105,3233,0
833,3484,832,145,105,3234,0
834,3485,832,145,105,3235,0
834,3486,832,145,105,3236,0
834,3487,832,145,105,3237,0
834,3488,832,145,105,3238,0
834,3489,832,145,105,3239,0
834,3491,834,146,105,3240,0
834,3492,834,146,105,3241,0
834,3493,834,146,105,3242,0
834,3494,834,146,105,3243,0
834,3495,834,146,105,3244,0
834,3496,834,146,105,3245,0
834,3497,834,146,105,3246,0
834,3498,834,146,106,3246,0
834,3499,834,146,106,3247,0
834,3500,834,146,106,3248,0
834,3501,834,146,106,3249,0
835,3503,834,147,106,3250,0
835,3504,834,147,106,3251,0
835,3505,834,147,106,3252,0
835,3506,834,147,106,3253,0
835,3507,834,147,106,3254,0
835,3508,834,147,106,3255,0
835,3509,834,147,106,3256,0
835,3510,834,147,106,3257,0
835,3511,834,147,107,3257,0
836,3513,835,148,107,3258,0
836,3514,835,148,107,3259,0
836,3515,835,148,107,3260,0
836,3516,835,148,107,3261,0
836,3517,835,148,107,3262,0
836,3518,835,148,107,3263,0
836,3519,835,148,107,3264,0
836,3520,835,148,107,3265,0
836,3521,835,148,107,3266,0
836,3522,835,148,107,3267,0
836,3523,835,148,107,3268,0
836,3524,835,148,107,3269,0
836,3525,835,148,107,3270,0
837,3526,835,148,107,3271,0
837,3527,835,148,107,3272,0
837,3528,835,148,107,3273,0
837,3529,835,148,107,3274,0
837,3530,835,148,107,3275,0
837,3531,835,148,107,3276,0
837,3532,835,148,107,3277,0
837,3533,835,148,107,3278,0
837,3534,835,148,107,3279,0
837,3535,835,148,107,3280,0
837,3536,835,148,107,3281,0
837,3537,835,148,107,3282,0
837,3538,835,148,107,3283,0
837,3539,835,148,107,3284,0
837,3540,835,148,107,3285,0
837,3541,835,148,107,3286,0
837,3542,835,148,107,3287,0
837,3543,835,148,107,3288,0
837,3544,835,148,107,3289,0
837,3545,835,148,107,3290,0
837,3546,835,148,108,3290,0
838,3547,835,148,108,3291,0
838,3549,838,149,108,3292,0
838,3550,838,149,108,3293,0
838,3551,838,149,108,3294,0
838,3552,838,149,108,3295,0
838,3553,838,149,108,3296,0
838,3555,838,150,108,3297,0
838,3556,838,150,108,3298,0
838,3557,838,150,108,3299,0
838,3558,838,150,108,3300,0
838,3559,838,150,108,3301,0
838,3560,838,150,108,3302,0
838,3561,838,150,108,3303,0
838,3562,838,150,108,3304,0
838,3563,838,150,108,3305,0
870,3564,838,150,108,3306,0
870,3565,838,150,108,3307,0
870,3566,838,150,108,3308,0
870,3567,838,150,108,3309,0
870,3568,838,150,108,3310,0
870,3569,838,150,108,3311,0
870,3570,838,150,108,3312,0
870,3571,838,150,108,3313,0
870,3572,838,150,108,3314,0
870,3573,838,150,108,3315,0
870,3574,838,150,108,3316,0
870,3575,838,150,108,3317,0
870,3576,838,150,108,3318,0
870,3577,838,150,108,3319,0
870,3578,838,150,108,3320,0
870,3579,838,150,108,3321,0
870,3580,838,150,108,3322,0
870,3581,838,150,108,3323,0
870,3582,838,150,108,3324,0
870,3583,838,150,108,3325,0
870,3584,838,150,108,3326,0
870,3585,838,150,108,3327,0
870,3586,838,150,108,3328,0
870,3587,838,150,108,3329,0
870,3588,838,150,108,3330,0
910,3589,838,150,108,3331,0
910,3590,838,150,108,3332,0
910,3591,838,150,108,3333,0
910,3592,838,150,108,3334,0
910,3593,838,150,108,3335,0
910,3594,838,150,108,3336,0
910,3595,838,150,108,3337,0
910,3596,838,150,108,3338,0
910,3597,838,150,108,3339,0
910,3598,838,150,108,3340,0
910,3599,838,150,108,3341,0
910,3600,838,150,108,3342,0
910,3601,838,150,108,3343,0
910,3603,910,151,108,3344,0
910,3604,910,151,108,3345,0
910,3605,910,151,108,3346,0
910,3606,910,151,108,3347,0
910,3607,910,151,108,3348,0
910,3608,910,151,108,3349,0
910,3609,910,151,108,3350,0
910,3610,910,151,108,3351,0
910,3611,910,151,108,3352,0
910,3612,910,151,108,3353,0
910,3613,910,151,108,3354,0
910,3614,910,151,108,3355,0
910,3615,910,151,108,3356,0
910,3616,910,151,108,3357,0
910,3617,910,151,108,3358,0
910,3618,910,151,108,3359,0
910,3619,910,151,108,3360,0
910,3620,910,151,108,3361,0
930,3621,910,151,108,3362,0
930,3622,910,151,108,3363,0
930,3623,910,151,108,3364,0
930,3624,910,151,108,3365,0
930,3625,910,151,108,3366,0
930,3626,910,151,108,3367,0
930,3627,910,151,108,3368,0
930,3628,910,151,108,3369,0
930,3629,910,151,108,3370,0
930,3630,910,151,108,3371,0
930,3631,910,151,108,3372,0
930,3632,910,151,108,3373,0
930,3633,910,151,108,3374,0
930,3634,910,151,108,3375,0
930,3635,910,151,108,3376,0
930,3636,910,151,108,3377,0
930,3637,910,151,108,3378,0
930,3638,910,151,108,3379,0
930,3639,910,151,108,3380,0
930,3640,910,151,108,3381,0
930,3641,910,151,108,3382,0
930,3642,910,151,108,3383,0
930,3643,910,151,108,3384,0
930,3644,910,151,108,3385,0
930,3645,910,151,108,3386,0
930,3646,910,151,108,3387,0
930,3647,910,151,108,3388,0
930,3648,910,151,108,3389,0
930,3649,910,151,108,3390,0
930,3650,910,151,108,3391,0
930,3651,910,151,108,3392,0
930,3652,910,151,108,3393,0
930,3653,910,151,108,3394,0
930,3654,910,151,108,3395,0
930,3655,910,151,108,3396,0
930,3656,910,151,108,3397,0
930,3658,930,152,108,3398,0
930,3659,930,152,108,3399,0
930,3660,930,152,108,3400,0
930,3661,930,152,108,3401,0
930,3662,930,152,108,3402,0
930,3663,930,152,108,3403,0
930,3664,930,152,108,3404,0
930,3665,930,152,108,3405,0
930,3666,930,152,108,3406,0
930,3667,930,152,108,3407,0
934,3668,930,152,108,3408,0
934,3669,930,152,108,3409,0
934,3670,930,152,108,3410,0
934,3671,930,152,108,3411,0
934,3672,930,152,108,3412,0
934,3673,930,152,108,3413,0
934,3674,930,152,108,3414,0
934,3675,930,152,108,3415,0
934,3676,930,152,108,3416,0
934,3677,930,152,108,3417,0
934,3678,930,152,108,3418,0
934,3679,930,152,108,3419,0
934,3680,930,152,108,3420,0
934,3681,930,152,108,3421,0
934,3682,930,152,108,3422,0
934,3683,930,152,108,3423,0
934,3684,930,152,108,3424,0
934,3685,930,152,108,3425,0
934,3686,930,152,108,3426,0
934,3687,930,152,108,3427,0
934,3688,930,152,108,3428,0
934,3689,930,152,108,3429,0
934,3690,930,152,108,3430,0
934,3691,930,152,108,3431,0
934,3692,930,152,108,3432,0
934,3693,930,152,108,3433,0
934,3694,930,152,108,3434,0
934,3695,930,152,108,3435,0
934,3696,930,152,108,3436,0
934,3697,930,152,108,3437,0
934,3698,930,152,108,3438,0
934,3699,930,152,108,3439,0
934,3700,930,152,108,3440,0
934,3701,930,152,108,3441,0
934,3702,930,152,108,3442,0
934,3703,930,152,108,3443,0
934,3704,930,152,108,3444,0
934,3705,930,152,109,3444,0
934,3706,930,152,109,3445,0
934,3707,930,152,109,3446,0
934,3708,930,152,109,3447,0
934,3709,930,152,109,3448,0
934,3710,930,152,109,3449,0
934,3711,930,152,109,3450,0
934,3712,930,152,109,3451,0
934,3713,930,152,109,3452,0
934,3714,930,152,109,3453,0
934,3715,930,152,109,3454,0
934,3716,930,152,109,3455,0
934,3717,930,152,109,3456,0
934,3718,930,152,109,3457,0
934,3720,934,153,109,3458,0
934,3721,934,153,109,3459,0
934,3722,934,153,109,3460,0
934,3723,934,153,109,3461,0
934,3724,934,153,109,3462,0
934,3725,934,153,109,3463,0
934,3726,934,153,109,3464,0
934,3727,934,153,109,3465,0
934,3728,934,153,110,3465,0
934,3729,934,153,110,3466,0
934,3730,934,153,110,3467,0
934,3731,934,153,110,3468,0
934,3733,934,154,110,3469,0
934,3735,934,155,110,3470,0
934,3736,934,155,110,3471,0
934,3737,934,155,110,3472,0
934,3738,934,155,110,3473,0
934,3739,934,155,110,3474,0
934,3740,934,155,110,3475,0
934,3741,934,155,110,3476,0
934,3742,934,155,110,3477,0
934,3743,934,155,110,3478,0
934,3744,934,155,110,3479,0
934,3745,934,155,110,3480,0
934,3747,934,156,111,3480,0
934,3748,934,156,111,3481,0
934,3749,934,156,111,3482,0
934,3750,934,156,111,3483,0
934,3751,934,156,111,3484,0
934,3752,934,156,111,3485,0
934,3753,934,156,111,3486,0
934,3754,934,156,111,3487,0
934,3755,934,156,111,3488,0
934,3756,934,156,111,3489,0
934,3757,934,156,111,3490,0
934,3758,934,156,111,3491,0
934,3759,934,156,111,3492,0
934,3760,934,156,111,3493,0
934,3761,934,156,111,3494,0
934,3762,934,156,111,3495,0
934,3763,934,156,111,3496,0
934,3764,934,156,111,3497,0
934,3765,934,156,111,3498,0
934,3766,934,156,111,3499,0
934,3767,934,156,111,3500,0
934,3768,934,156,111,3501,0
934,3769,934,156,111,3502,0
934,3771,934,157,111,3503,0
934,3772,934,157,112,3503,0
934,3773,934,157,112,3504,0
934,3774,934,157,112,3505,0
934,3775,934,157,112,3506,0
934,3776,934,157,112,3507,0
934,3777,934,157,112,3508,0
934,3778,934,157,112,3509,0
934,3781,934,159,112,3510,0
934,3782,934,159,112,3511,0
934,3783,934,159,112,3512,0
934,3784,934,159,112,3513,0
934,3785,934,159,112,3514,0
934,3787,934,160,112,3515,0
934,3788,934,160,112,3516,0
934,3789,934,160,112,3517,0
934,3790,934,160,112,3518,0
934,3791,934,160,112,3519,0
934,3792,934,160,112,3520,0
934,3793,934,160,112,3521,0
934,3794,934,160,112,3522,0
934,3795,934,160,112,3523,0
934,3796,934,160,112,3524,0
934,3797,934,160,112,3525,0
934,3798,934,160,112,3526,0
934,3799,934,160,112,3527,0
934,3800,934,160,113,3527,0
934,3801,934,160,113,3528,0
934,3802,934,160,113,3529,0
934,3804,934,161,113,3530,0
934,3805,934,161,113,3531,0
934,3807,934,162,113,3532,0
934,3808,934,162,113,3533,0
934,3809,934,162,113,3534,0
934,3810,934,162,114,3534,0
934,3811,934,162,114,3535,0
934,3812,934,162,114,3536,0
934,3813,934,162,114,3537,0
934,3815,934,163,114,3538,0
934,3816,934,163,114,3539,0
934,3817,934,163,114,3540,0
934,3818,934,163,114,3541,0
934,3819,934,163,114,3542,0
934,3820,934,163,114,3543,0
934,3821,934,163,114,3544,0
934,3822,934,163,114,3545,0
934,3823,934,163,114,3546,0
934,3824,934,163,115,3546,0
934,3825,934,163,115,3547,0
934,3826,934,163,115,3548,0
934,3827,934,163,116,3548,0
934,3828,934,163,116,3549,0
934,3829,934,163,116,3550,0
934,3830,934,163,116,3551,0
934,3831,934,163,117,3551,0
934,3832,934,163,117,3552,0
934,3833,934,163,117,3553,0
934,3834,934,163,117,3554,0
934,3836,934,164,117,3555,0
934,3838,934,165,117,3556,0
934,3840,934,166,118,3556,0
934,3841,934,166,118,3557,0
934,3842,934,166,118,3558,0
934,3843,934,166,118,3559,0
934,3844,934,166,118,3560,0
934,3845,934,166,118,3561,0
934,3847,934,167,118,3562,0
934,3848,934,167,118,3563,0
934,3849,934,167,118,3564,0
934,3850,934,167,118,3565,0
934,3851,934,167,118,3566,0
934,3852,934,167,119,3566,0
934,3853,934,167,119,3567,0
934,3854,934,167,119,3568,0
934,3855,934,167,119,3569,0
934,3856,934,167,119,3570,0
934,3857,934,167,120,3570,0
934,3858,934,167,120,3571,0
934,3859,934,167,120,3572,0
934,3861,934,168,120,3573,0
934,3862,934,168,120,3574,0
934,3863,934,168,120,3575,0
934,3864,934,168,120,3576,0
934,3865,934,168,120,3577,0
934,3866,934,168,120,3578,0
934,3867,934,168,121,3578,0
934,3868,934,168,122,3578,0
934,3869,934,168,122,3579,0
934,3870,934,168,122,3580,0
934,3872,934,169,122,3581,0
934,3873,934,169,122,3582,0
934,3874,934,169,122,3583,0
934,3875,934,169,122,3584,0
934,3876,934,169,122,3585,0
934,3877,934,169,122,3586,0
934,3878,934,169,122,3587,0
934,3879,934,169,123,3587,0
934,3880,934,169,123,3588,0
934,3881,934,169,123,3589,0
934,3882,934,169,124,3589,0
934,3883,934,169,124,3590,0
934,3884,934,169,124,3591,0
934,3886,934,170,124,3592,0
934,3887,934,170,124,3593,0
934,3888,934,170,124,3594,0
934,3890,934,171,125,3594,0
950,3894,934,174,125,3595,0
950,3895,934,174,125,3596,0
950,3896,934,174,125,3597,0
950,3897,934,174,125,3598,0
950,3898,934,174,125,3599,0
950,3899,934,174,125,3600,0
950,3900,934,174,125,3601,0
950,3901,934,174,125,3602,0
950,3902,934,174,125,3603,0
950,3903,934,174,125,3604,0
950,3905,950,175,125,3605,0
950,3906,950,175,126,3605,0
950,3907,950,175,126,3606,0
950,3908,950,175,126,3607,0
950,3909,950,175,126,3608,0
950,3910,950,175,126,3609,0
950,3911,950,175,126,3610,0
950,3912,950,175,126,3611,0
950,3913,950,175,126,3612,0
950,3914,950,175,127,3612,0
950,3915,950,175,127,3613,0
950,3916,950,175,127,3614,0
950,3917,950,175,127,3615,0
950,3918,950,175,127,3616,0
950,3919,950,175,127,3617,0
950,3921,950,176,127,3618,0
950,3922,950,176,127,3619,0
950,3923,950,176,127,3620,0
950,3924,950,176,127,3621,0
950,3925,950,176,127,3622,0
950,3926,950,176,127,3623,0
950,3927,950,176,127,3624,0
950,3928,950,176,127,3625,0
950,3929,950,176,127,3626,0
950,3930,950,176,127,3627,0
950,3931,950,176,127,3628,0
950,3933,950,177,127,3629,0
950,3934,950,177,127,3630,0
950,3935,950,177,127,3631,0
950,3936,950,177,127,3632,0
950,3937,950,177,127,3633,0
950,3938,950,177,127,3634,0
950,3939,950,177,127,3635,0
950,3940,950,177,127,3636,0
950,3941,950,177,127,3637,0
950,3942,950,177,127,3638,0
950,3944,950,178,127,3639,0
950,3945,950,178,127,3640,0
950,3946,950,178,127,3641,0
950,3947,950,178,127,3642,0
950,3948,950,178,127,3643,0
950,3949,950,178,127,3644,0
950,3951,950,179,127,3645,0
950,3952,950,179,127,3646,0
950,3953,950,179,127,3647,0
950,3954,950,179,127,3648,0
950,3955,950,179,127,3649,0
950,3956,950,179,127,3650,0
950,3957,950,179,127,3651,0
950,3958,950,179,128,3651,0
950,3959,950,179,128,3652,0
950,3960,950,179,128,3653,0
950,3961,950,179,128,3654,0
950,3962,950,179,128,3655,0
952,3963,950,179,128,3656,0
952,3964,950,179,128,3657,0
952,3965,950,179,128,3658,0
952,3966,950,179,128,3659,0
952,3967,950,179,128,3660,0
952,3968,950,179,128,3661,0
952,3970,952,180,128,3662,0
952,3971,952,180,128,3663,0
952,3972,952,180,128,3664,0
952,3973,952,180,128,3665,0
952,3974,952,180,128,3666,0
952,3975,952,180,128,3667,0
952,3976,952,180,128,3668,0
952,3977,952,180,128,3669,0
952,3978,952,180,128,3670,0
952,3979,952,180,128,3671,0
952,3980,952,180,128,3672,0
952,3981,952,180,128,3673,0
952,3982,952,180,128,3674,0
952,3983,952,180,128,3675,0
952,3984,952,180,128,3676,0
952,3985,952,180,128,3677,0
952,3986,952,180,128,3678,0
952,3987,952,180,128,3679,0
952,3988,952,180,128,3680,0
952,3989,952,180,128,3681,0
952,3990,952,180,128,3682,0
952,3991,952,180,128,3683,0
952,3992,952,180,128,3684,0
952,3993,952,180,129,3684,0
952,3994,952,180,130,3684,0
952,3995,952,180,130,3685,0
970,3998,952,182,130,3686,0
970,3999,952,182,130,3687,0
970,4000,952,182,130,3688,0
970,4001,952,182,130,3689,0
970,4002,952,182,130,3690,0
970,4003,952,182,130,3691,0
970,4004,952,182,130,3692,0
970,4005,952,182,130,3693,0
970,4006,952,182,130,3694,0
970,4007,952,182,130,3695,0
970,4008,952,182,130,3696,0
970,4009,952,182,130,3697,0
970,4010,952,182,130,3698,0
970,4011,952,182,130,3699,0
970,4012,952,182,130,3700,0
970,4013,952,182,130,3701,0
970,4014,952,182,130,3702,0
970,4015,952,182,130,3703,0
970,4016,952,182,130,3704,0
970,4017,952,182,130,3705,0
970,4018,952,182,130,3706,0
1010,4019,952,182,130,3707,0
1010,4020,952,182,130,3708,0
1010,4021,952,182,130,3709,0
1010,4022,952,182,130,3710,0
1010,4023,952,182,130,3711,0
1010,4024,952,182,131,3711,0
1010,4025,952,182,131,3712,0
1010,4026,952,182,131,3713,0
1010,4027,952,182,131,3714,0
1010,4028,952,182,131,3715,0
1010,4029,952,182,131,3716,0
1010,4030,952,182,131,3717,0
1010,4031,952,182,131,3718,0
1010,4032,952,182,131,3719,0
1010,4033,952,182,131,3720,0
1010,4034,952,182,131,3721,0
1010,4035,952,182,131,3722,0
1010,4037,1010,183,131,3723,0
1010,4038,1010,183,131,3724,0
1010,4039,1010,183,131,3725,0
1010,4040,1010,183,131,3726,0
1010,4041,1010,183,131,3727,0
1010,4042,1010,183,131,3728,0
1010,4043,1010,183,131,3729,0
1010,4044,1010,183,131,3730,0
1010,4045,1010,183,131,3731,0
1010,4046,1010,183,131,3732,0
1010,4047,1010,183,131,3733,0
1010,4048,1010,183,132,3733,0
1010,4049,1010,183,133,3733,0
1010,4050,1010,183,133,3734,0
1010,4051,1010,183,133,3735,0
1010,4052,1010,183,133,3736,0
1030,4055,1010,185,133,3737,0
1030,4056,1010,185,133,3738,0
1030,4057,1010,185,133,3739,0
1030,4058,1010,185,133,3740,0
1030,4059,1010,185,133,3741,0
1030,4060,1010,185,133,3742,0
1030,4061,1010,185,133,3743,0
1030,4062,1010,185,133,3744,0
1051,4063,1010,185,133,3745,0
1051,4064,1010,185,133,3746,0
1051,4065,1010,185,134,3746,0
1051,4066,1010,185,134,3747,0
1051,4067,1010,185,134,3748,0
1051,4068,1010,185,134,3749,0
1051,4069,1010,185,135,3749,0
1051,4070,1010,185,135,3750,0
1055,4071,1010,185,136,3750,0
1055,4072,1010,185,136,3751,0
1055,4073,1010,185,136,3752,0
1055,4074,1010,185,136,3753,0
1055,4075,1010,185,136,3754,0
1055,4076,1010,185,136,3755,0
1055,4077,1010,185,136,3756,0
1055,4078,1010,185,136,3757,0
1055,4079,1010,185,136,3758,0
1055,4080,1010,185,136,3759,0
1055,4081,1010,185,136,3760,0
1055,4082,1010,185,136,3761,0
1055,4083,1010,185,136,3762,0
1055,4084,1010,185,136,3763,0
1055,4085,1010,185,136,3764,0
1055,4086,1010,185,136,3765,0
1055,4087,1010,185,136,3766,0
1055,4088,1010,185,136,3767,0
1055,4089,1010,185,136,3768,0
1055,4090,1010,185,136,3769,0
1055,4091,1010,185,136,3770,0
1055,4093,1055,186,136,3771,0
1055,4094,1055,186,136,3772,0
1055,4095,1055,186,136,3773,0
1055,4096,1055,186,136,3774,0
1055,4097,1055,186,136,3775,0
1055,4098,1055,186,136,3776,0
1055,4100,1055,187,136,3777,0
1055,4101,1055,187,137,3777,0
1055,4102,1055,187,137,3778,0
1055,4103,1055,187,137,3779,0
1055,4104,1055,187,137,3780,0
1055,4105,1055,187,137,3781,0
1055,4106,1055,187,137,3782,0
1055,4108,1055,188,137,3783,0
1055,4109,1055,188,137,3784,0
1055,4110,1055,188,137,3785,0
1055,4112,1055,189,137,3786,0
1055,4113,1055,189,137,3787,0
1055,4114,1055,189,137,3788,0
1055,4115,1055,189,137,3789,0
1055,4116,1055,189,137,3790,0
1055,4117,1055,189,137,3791,0
1055,4118,1055,189,137,3792,0
1055,4119,1055,189,137,3793,0
1055,4120,1055,189,137,3794,0
1055,4121,1055,189,137,3795,0
1055,4122,1055,189,137,3796,0
1055,4123,1055,189,137,3797,0
1055,4124,1055,189,137,3798,0
1055,4125,1055,189,137,3799,0
1055,4126,1055,189,137,3800,0
1055,4127,1055,189,137,3801,0
1055,4128,1055,189,137,3802,0
1055,4130,1055,190,137,3803,0
1055,4131,1055,190,137,3804,0
1055,4132,1055,190,137,3805,0
1055,4133,1055,190,137,3806,0
1055,4134,1055,190,138,3806,0
1055,4135,1055,190,138,3807,0
1055,4136,1055,190,138,3808,0
1055,4137,1055,190,138,3809,0
1055,4139,1055,191,138,3810,0
1055,4140,1055,191,138,3811,0
1055,4141,1055,191,138,3812,0
1055,4142,1055,191,138,3813,0
1055,4143,1055,191,138,3814,0
1055,4144,1055,191,138,3815,0
1055,4145,1055,191,138,3816,0
1055,4146,1055,191,138,3817,0
1055,4147,1055,191,138,3818,0
1055,4148,1055,191,138,3819,0
1055,4149,1055,191,138,3820,0
1055,4150,1055,191,138,3821,0
1055,4151,1055,191,138,3822,0
1055,4152,1055,191,138,3823,0
1055,4153,1055,191,138,3824,0
1055,4154,1055,191,138,3825,0
1055,4155,1055,191,138,3826,0
1055,4156,1055,191,138,3827,0
1055,4158,1055,192,138,3828,0
1055,4159,1055,192,138,3829,0
1055,4160,1055,192,138,3830,0
1055,4161,1055,192,138,3831,0
1055,4162,1055,192,138,3832,0
1055,4164,1055,193,138,3833,0
1055,4165,1055,193,139,3833,0
1055,4167,1055,194,139,3834,0
1055,4169,1055,195,139,3835,0
1055,4170,1055,195,140,3835,0
1055,4171,1055,195,140,3836,0
1055,4172,1055,195,140,3837,0
1055,4173,1055,195,140,3838,0
1055,4174,1055,195,140,3839,0
1055,4175,1055,195,140,3840,0
1055,4176,1055,195,140,3841,0
1055,4177,1055,195,140,3842,0
1055,4178,1055,195,140,3843,0
1055,4179,1055,195,140,3844,0
1055,4180,1055,195,140,3845,0
1055,4181,1055,195,140,3846,0
1055,4182,1055,195,140,3847,0
1055,4183,1055,195,140,3848,0
1055,4184,1055,195,140,3849,0
1055,4185,1055,195,140,3850,0
1055,4186,1055,195,140,3851,0
1055,4187,1055,195,140,3852,0
1055,4188,1055,195,140,3853,0
1055,4189,1055,195,140,3854,0
1055,4190,1055,195,140,3855,0
1055,4191,1055,195,140,3856,0
1055,4192,1055,195,140,3857,0
1055,4193,1055,195,140,3858,0
1055,4194,1055,195,140,3859,0
1055,4197,1055,197,140,3860,0
1055,4198,1055,197,140,3861,0
1055,4199,1055,197,140,3862,0
1055,4200,1055,197,140,3863,0
1055,4201,1055,197,141,3863,0
1055,4202,1055,197,141,3864,0
1055,4206,1055,200,141,3865,0
1055,4207,1055,200,141,3866,0
1055,4208,1055,200,141,3867,0
1055,4209,1055,200,141,3868,0
1055,4210,1055,200,141,3869,0
1055,4211,1055,200,141,3870,0
1055,4212,1055,200,141,3871,0
1055,4213,1055,200,142,3871,0
1055,4214,1055,200,142,3872,0
1055,4216,1055,201,142,3873,0
1055,4218,1055,202,142,3874,0
1055,4219,1055,202,142,3875,0
1055,4220,1055,202,142,3876,0
1055,4221,1055,202,142,3877,0
1055,4222,1055,202,142,3878,0
1055,4223,1055,202,142,3879,0
1055,4224,1055,202,143,3879,0
1055,4225,1055,202,143,3880,0
1055,4226,1055,202,143,3881,0
1055,4227,1055,202,143,3882,0
1055,4228,1055,202,143,3883,0
1055,4229,1055,202,143,3884,0
1055,4230,1055,202,143,3885,0
1055,4231,1055,202,143,3886,0
1055,4233,1055,203,144,3886,0
1055,4234,1055,203,144,3887,0
1055,4235,1055,203,144,3888,0
1055,4237,1055,204,144,3889,0
1055,4238,1055,204,144,3890,0
1055,4239,1055,204,144,3891,0
1055,4240,1055,204,144,3892,0
1055,4241,1055,204,144,3893,0
1055,4242,1055,204,145,3893,0
1055,4243,1055,204,146,3893,0
1055,4244,1055,204,146,3894,0
1055,4245,1055,204,146,3895,0
1055,4246,1055,204,146,3896,0
1055,4248,1055,205,146,3897,0
1055,4250,1055,206,146,3898,0
1055,4251,1055,206,147,3898,0
1055,4253,1055,207,147,3899,0
1055,4255,1055,208,148,3899,0
1055,4256,1055,208,148,3900,0
1055,4257,1055,208,148,3901,0
1055,4258,1055,208,148,3902,0
1055,4259,1055,208,148,3903,0
1055,4260,1055,208,148,3904,0
1055,4262,1055,209,148,3905,0
1055,4264,1055,210,148,3906,0
1055,4266,1055,211,148,3907,0
1055,4267,1055,211,148,3908,0
1055,4268,1055,211,148,3909,0
1055,4269,1055,211,148,3910,0
1055,4270,1055,211,148,3911,0
1055,4271,1055,211,149,3911,0
1055,4272,1055,211,149,3912,0
1055,4273,1055,211,149,3913,0
1055,4274,1055,211,149,3914,0
1055,4276,1055,212,149,3915,0
1055,4277,1055,212,149,3916,0
1055,4278,1055,212,149,3917,0
1055,4279,1055,212,149,3918,0
1055,4280,1055,212,149,3919,0
1055,4281,1055,212,149,3920,0
1055,4282,1055,212,149,3921,0
1055,4283,1055,212,149,3922,0
1055,4284,1055,212,149,3923,0
1055,4285,1055,212,149,3924,0
1055,4286,1055,212,149,3925,0
1055,4287,1055,212,150,3925,0
1055,4288,1055,212,150,3926,0
1055,4289,1055,212,150,3927,0
1055,4290,1055,212,150,3928,0
1055,4291,1055,212,151,3928,0
1055,4292,1055,212,151,3929,0
1055,4293,1055,212,151,3930,0
1055,4294,1055,212,151,3931,0
1055,4295,1055,212,151,3932,0
1055,4296,1055,212,151,3933,0
1055,4297,1055,212,151,3934,0
1055,4298,1055,212,151,3935,0
1055,4299,1055,212,151,3936,0
1055,4300,1055,212,151,3937,0
1055,4301,1055,212,151,3938,0
1055,4302,1055,212,151,3939,0
1055,4303,1055,212,151,3940,0
1055,4304,1055,212,151,3941,0
1055,4305,1055,212,151,3942,0
1055,4308,1055,214,151,3943,0
1055,4309,1055,214,151,3944,0
1055,4310,1055,214,151,3945,0
1055,4311,1055,214,151,3946,0
1055,4312,1055,214,151,3947,0
1055,4313,1055,214,151,3948,0
1055,4314,1055,214,151,3949,0
1055,4316,1055,215,151,3950,0
1055,4317,1055,215,151,3951,0
1055,4318,1055,215,151,3952,0
1055,4319,1055,215,151,3953,0
1055,4320,1055,215,151,3954,0
1055,4321,1055,215,151,3955,0
1055,4322,1055,215,152,3955,0
1055,4323,1055,215,152,3956,0
1055,4324,1055,215,152,3957,0
1055,4325,1055,215,153,3957,0
1055,4326,1055,215,153,3958,0
1055,4327,1055,215,153,3959,0
1055,4328,1055,215,153,3960,0
1055,4329,1055,215,153,3961,0
1055,4330,1055,215,153,3962,0
1060,4331,1055,215,153,3963,0
1060,4332,1055,215,153,3964,0
1060,4333,1055,215,153,3965,0
1060,4334,1055,215,154,3965,0
1060,4335,1055,215,154,3966,0
1060,4336,1055,215,154,3967,0
1060,4338,1060,216,154,3968,0
1060,4341,1060,218,154,3969,0
1070,4342,1060,218,154,3970,0
1070,4343,1060,218,154,3971,0
1070,4344,1060,218,154,3972,0
1070,4345,1060,218,154,3973,0
1070,4346,1060,218,154,3974,0
1070,4347,1060,218,154,3975,0
1070,4348,1060,218,154,3976,0
1070,4349,1060,218,154,3977,0
1070,4350,1060,218,154,3978,0
1070,4351,1060,218,154,3979,0
1070,4352,1060,218,154,3980,0
1070,4353,1060,218,154,3981,0
1070,4354,1060,218,154,3982,0
1070,4355,1060,218,154,3983,0
1070,4356,1060,218,154,3984,0
1070,4357,1060,218,154,3985,0
1070,4358,1060,218,154,3986,0
1070,4359,1060,218,154,3987,0
1070,4360,1060,218,154,3988,0
1070,4361,1060,218,154,3989,0
1070,4362,1060,218,154,3990,0
1070,4363,1060,218,154,3991,0
1070,4364,1060,218,154,3992,0
1070,4365,1060,218,154,3993,0
1070,4366,1060,218,154,3994,0
1070,4367,1060,218,154,3995,0
1070,4368,1060,218,154,3996,0
1070,4369,1060,218,154,3997,0
1070,4370,1060,218,154,3998,0
1070,4371,1060,218,154,3999,0
1070,4372,1060,218,154,4000,0
1070,4373,1060,218,154,4001,0
1070,4374,1060,218,155,4001,0
1070,4375,1060,218,155,4002,0
1070,4376,1060,218,155,4003,0
1070,4377,1060,218,155,4004,0
1070,4378,1060,218,155,4005,0
1070,4379,1060,218,155,4006,0
1070,4380,1060,218,155,4007,0
1070,4381,1060,218,155,4008,0
1070,4382,1060,218,155,4009,0
1070,4383,1060,218,155,4010,0
1070,4384,1060,218,155,4011,0
1070,4385,1060,218,155,4012,0
1070,4386,1060,218,155,4013,0
1070,4387,1060,218,156,4013,0
1070,4388,1060,218,156,4014,0
1070,4389,1060,218,156,4015,0
1070,4390,1060,218,156,4016,0
1070,4391,1060,218,156,4017,0
1070,4392,1060,218,156,4018,0
1070,4395,1070,220,157,4018,0
1070,4396,1070,220,157,4019,0
1070,4399,1070,222,157,4020,0
1070,4400,1070,222,157,4021,0
1070,4401,1070,222,157,4022,0
1070,4402,1070,222,157,4023,0
1070,4403,1070,222,157,4024,0
1070,4404,1070,222,157,4025,0
1070,4405,1070,222,157,4026,0
1070,4406,1070,222,158,4026,0
1070,4408,1070,223,159,4026,0
1070,4409,1070,223,160,4026,0
1070,4410,1070,223,160,4027,0
1070,4411,1070,223,161,4027,0
1070,4412,1070,223,161,4028,0
1070,4413,1070,223,161,4029,0
1070,4414,1070,223,161,4030,0
1070,4415,1070,223,161,4031,0
1070,4416,1070,223,161,4032,0
1070,4417,1070,223,161,4033,0
1070,4418,1070,223,161,4034,0
1070,4419,1070,223,162,4034,0
1070,4420,1070,223,162,4035,0
1073,4421,1070,223,162,4036,0
1073,4422,1070,223,163,4036,0
1073,4423,1070,223,163,4037,0
1073,4424,1070,223,163,4038,0
1073,4425,1070,223,163,4039,0
1073,4427,1073,224,163,4040,0
1073,4428,1073,224,163,4041,0
1073,4430,1073,225,163,4042,0
1073,4431,1073,225,163,4043,0
1073,4432,1073,225,163,4044,0
1073,4434,1073,226,163,4045,0
1073,4435,1073,226,163,4046,0
1073,4437,1073,227,163,4047,0
1073,4438,1073,227,164,4047,0
1073,4439,1073,227,164,4048,0
1090,4441,1073,228,164,4049,0
1090,4442,1073,228,164,4050,0
1090,4443,1073,228,164,4051,0
1090,4444,1073,228,164,4052,0
1090,4445,1073,228,164,4053,0
1090,4446,1073,228,164,4054,0
1090,4447,1073,228,164,4055,0
1090,4448,1073,228,164,4056,0
1090,4449,1073,228,164,4057,0
1090,4450,1073,228,164,4058,0
1090,4451,1073,228,164,4059,0
1090,4452,1073,228,164,4060,0
1090,4453,1073,228,164,4061,0
1090,4454,1073,228,164,4062,0
1090,4455,1073,228,164,4063,0
1090,4456,1073,228,164,4064,0
1090,4457,1073,228,164,4065,0
1090,4458,1073,228,164,4066,0
1090,4459,1073,228,164,4067,0
1090,4460,1073,228,164,4068,0
1090,4461,1073,228,164,4069,0
1130,4463,1130,229,164,4070,0
1130,4464,1130,229,164,4071,0
1130,4465,1130,229,164,4072,0
1130,4466,1130,229,164,4073,0
1130,4467,1130,229,165,4073,0
1130,4468,1130,229,165,4074,0
1130,4469,1130,229,165,4075,0
1130,4470,1130,229,165,4076,0
1130,4471,1130,229,165,4077,0
1130,4472,1130,229,165,4078,0
1130,4473,1130,229,166,4078,0
1130,4474,1130,229,166,4079,0
1130,4475,1130,229,166,4080,0
1130,4476,1130,229,166,4081,0
1130,4477,1130,229,166,4082,0
1130,4478,1130,229,166,4083,0
1130,4480,1130,230,166,4084,0
1130,4481,1130,230,166,4085,0
1130,4482,1130,230,167,4085,0
1130,4483,1130,230,167,4086,0
1130,4485,1130,231,167,4087,0
1130,4486,1130,231,167,4088,0
1130,4487,1130,231,167,4089,0
1130,4488,1130,231,167,4090,0
1130,4489,1130,231,167,4091,0
1130,4490,1130,231,167,4092,0
1130,4491,1130,231,167,4093,0
1130,4492,1130,231,167,4094,0
1130,4493,1130,231,167,4095,0
1130,4494,1130,231,168,4095,0
1130,4495,1130,231,168,4096,0
1130,4496,1130,231,168,4097,0
1150,4498,1130,232,168,4098,0
1150,4499,1130,232,168,4099,0
1150,4500,1130,232,169,4099,0
1150,4501,1130,232,169,4100,0
1150,4502,1130,232,169,4101,0
1150,4504,1150,233,169,4102,0
1153,4505,1150,233,169,4103,0
1153,4506,1150,233,169,4104,0
1153,4507,1150,233,169,4105,0
1153,4508,1150,233,169,4106,0
1153,4509,1150,233,169,4107,0
1153,4510,1150,233,169,4108,0
1153,4511,1150,233,169,4109,0
1153,4512,1150,233,169,4110,0
1153,4513,1150,233,169,4111,0
1153,4514,1150,233,169,4112,0
1153,4515,1150,233,169,4113,0
1153,4516,1150,233,169,4114,0
1153,4517,1150,233,169,4115,0
1153,4518,1150,233,169,4116,0
1153,4519,1150,233,169,4117,0
1153,4520,1150,233,169,4118,0
1153,4521,1150,233,169,4119,0
1153,4522,1150,233,169,4120,0
1153,4523,1150,233,169,4121,0
1153,4524,1150,233,169,4122,0
1153,4525,1150,233,170,4122,0
1153,4526,1150,233,170,4123,0
1153,4527,1150,233,170,4124,0
1153,4528,1150,233,170,4125,0
1153,4529,1150,233,170,4126,0
1153,4530,1150,233,170,4127,0
1153,4531,1150,233,170,4128,0
1153,4532,1150,233,170,4129,0
1153,4533,1150,233,170,4130,0
1153,4534,1150,233,170,4131,0
1153,4535,1150,233,170,4132,0
1153,4536,1150,233,170,4133,0
1153,4537,1150,233,170,4134,0
1153,4538,1150,233,170,4135,0
1153,4539,1150,233,170,4136,0
1153,4540,1150,233,171,4136,0
1153,4541,1150,233,171,4137,0
1153,4542,1150,233,171,4138,0
1153,4543,1150,233,171,4139,0
1153,4544,1150,233,171,4140,0
1153,4546,1153,234,172,4140,0
1153,4547,1153,234,172,4141,0
1153,4548,1153,234,172,4142,0
1153,4549,1153,234,172,4143,0
1153,4550,1153,234,172,4144,0
1153,4551,1153,234,172,4145,0
1153,4552,1153,234,172,4146,0
1153,4553,1153,234,172,4147,0
1153,4554,1153,234,172,4148,0
1153,4555,1153,234,172,4149,0
1153,4556,1153,234,172,4150,0
1154,4557,1153,234,172,4151,0
1154,4558,1153,234,172,4152,0
1154,4559,1153,234,172,4153,0
1154,4560,1153,234,172,4154,0
1154,4561,1153,234,173,4154,0
1154,4562,1153,234,173,4155,0
1154,4563,1153,234,173,4156,0
1154,4564,1153,234,173,4157,0
1154,4565,1153,234,173,4158,0
1154,4566,1153,234,173,4159,0
1154,4567,1153,234,174,4159,0
1154,4568,1153,234,174,4160,0
1154,4569,1153,234,174,4161,0
1154,4571,1154,235,174,4162,0
1154,4572,1154,235,174,4163,0
1154,4573,1154,235,174,4164,0
1154,4574,1154,235,174,4165,0
1154,4576,1154,236,174,4166,0
1154,4578,1154,237,174,4167,0
1154,4579,1154,237,174,4168,0
1154,4580,1154,237,174,4169,0
1154,4582,1154,238,174,4170,0
1154,4584,1154,239,174,4171,0
1154,4585,1154,239,174,4172,0
1154,4586,1154,239,174,4173,0
1154,4587,1154,239,174,4174,0
1154,4588,1154,239,174,4175,0
1154,4589,1154,239,174,4176,0
1154,4590,1154,239,174,4177,0
1154,4591,1154,239,175,4177,0
1154,4592,1154,239,175,4178,0
1154,4593,1154,239,175,4179,0
1154,4594,1154,239,175,4180,0
1154,4595,1154,239,175,4181,0
1154,4596,1154,239,175,4182,0
1154,4597,1154,239,175,4183,0
1154,4598,1154,239,175,4184,0
1154,4600,1154,240,175,4185,0
1154,4601,1154,240,175,4186,0
1154,4602,1154,240,175,4187,0
1155,4603,1154,240,175,4188,0
1155,4604,1154,240,175,4189,0
1155,4605,1154,240,175,4190,0
1155,4607,1155,241,176,4190,0
1155,4608,1155,241,176,4191,0
1155,4609,1155,241,176,4192,0
1155,4610,1155,241,176,4193,0
1155,4611,1155,241,176,4194,0
1155,4612,1155,241,176,4195,0
1155,4613,1155,241,176,4196,0
1156,4615,1156,242,176,4197,0
1156,4616,1156,242,176,4198,0
1156,4617,1156,242,176,4199,0
1156,4618,1156,242,176,4200,0
1156,4619,1156,242,176,4201,0
1156,4620,1156,242,176,4202,0
1156,4621,1156,242,176,4203,0
1156,4622,1156,242,176,4204,0
1156,4623,1156,242,176,4205,0
1156,4624,1156,242,176,4206,0
1156,4625,1156,242,176,4207,0
1156,4626,1156,242,176,4208,0
1156,4627,1156,242,176,4209,0
1156,4628,1156,242,176,4210,0
1156,4629,1156,242,176,4211,0
1156,4630,1156,242,176,4212,0
1156,4632,1156,243,176,4213,0
1156,4633,1156,243,176,4214,0
1156,4634,1156,243,176,4215,0
1156,4635,1156,243,176,4216,0
1157,4636,1156,243,176,4217,0
1157,4637,1156,243,176,4218,0
1157,4638,1156,243,176,4219,0
1157,4639,1156,243,176,4220,0
1157,4640,1156,243,176,4221,0
1157,4641,1156,243,176,4222,0
1157,4642,1156,243,176,4223,0
1157,4643,1156,243,176,4224,0
1157,4644,1156,243,176,4225,0
1157,4645,1156,243,176,4226,0
1157,4646,1156,243,177,4226,0
1157,4648,1157,244,177,4227,0
1157,4649,1157,244,177,4228,0
1157,4650,1157,244,177,4229,0
1157,4651,1157,244,177,4230,0
1157,4653,1157,245,177,4231,0
1157,4654,1157,245,177,4232,0
1157,4655,1157,245,177,4233,0
1157,4656,1157,245,177,4234,0
1157,4657,1157,245,177,4235,0
1157,4658,1157,245,178,4235,0
1157,4659,1157,245,178,4236,0
1157,4660,1157,245,178,4237,0
1157,4661,1157,245,178,4238,0
1157,4662,1157,245,178,4239,0
1157,4663,1157,245,178,4240,0
1157,4664,1157,245,178,4241,0
1157,4665,1157,245,178,4242,0
1157,4666,1157,245,178,4243,0
1157,4667,1157,245,178,4244,0
1157,4668,1157,245,178,4245,0
1157,4669,1157,245,178,4246,0
1157,4670,1157,245,178,4247,0
1157,4671,1157,245,178,4248,0
1157,4672,1157,245,179,4248,0
1157,4673,1157,245,179,4249,0
1157,4674,1157,245,180,4249,0
1157,4675,1157,245,180,4250,0
1157,4676,1157,245,180,4251,0
1157,4677,1157,245,181,4251,0
1157,4678,1157,245,181,4252,0
1157,4679,1157,245,181,4253,0
1157,4680,1157,245,181,4254,0
1157,4681,1157,245,181,4255,0
1157,4682,1157,245,181,4256,0
1157,4683,1157,245,181,4257,0
1157,4684,1157,245,181,4258,0
1157,4685,1157,245,181,4259,0
1157,4686,1157,245,181,4260,0
1157,4687,1157,245,181,4261,0
1157,4688,1157,245,181,4262,0
1157,4689,1157,245,181,4263,0
1157,4690,1157,245,181,4264,0
1157,4691,1157,245,181,4265,0
1157,4692,1157,245,181,4266,0
1157,4693,1157,245,181,4267,0
1157,4695,1157,246,181,4268,0
1157,4696,1157,246,181,4269,0
1157,4697,1157,246,181,4270,0
1157,4698,1157,246,181,4271,0
1157,4699,1157,246,181,4272,0
1158,4700,1157,246,181,4273,0
1158,4702,1158,247,181,4274,0
1158,4703,1158,247,181,4275,0
1158,4705,1158,248,181,4276,0
1158,4706,1158,248,181,4277,0
1158,4708,1158,249,181,4278,0
1158,4709,1158,249,181,4279,0
1158,4712,1158,251,181,4280,0
1158,4713,1158,251,181,4281,0
1158,4715,1158,252,181,4282,0
1158,4716,1158,252,181,4283,0
1158,4717,1158,252,181,4284,0
1158,4719,1158,253,181,4285,0
1158,4720,1158,253,181,4286,0
1158,4721,1158,253,182,4286,0
1158,4722,1158,253,182,4287,0
1158,4723,1158,253,182,4288,0
1158,4724,1158,253,182,4289,0
1158,4725,1158,253,183,4289,0
1158,4726,1158,253,183,4290,0
1158,4727,1158,253,183,4291,0
1158,4728,1158,253,183,4292,0
1158,4729,1158,253,183,4293,0
1158,4730,1158,253,183,4294,0
1158,4731,1158,253,183,4295,0
1158,4732,1158,253,183,4296,0
1158,4733,1158,253,183,4297,0
1158,4734,1158,253,183,4298,0
1158,4735,1158,253,183,4299,0
1158,4736,1158,253,183,4300,0
1158,4737,1158,253,183,4301,0
1158,4738,1158,253,183,4302,0
1158,4739,1158,253,183,4303,0
1158,4740,1158,253,183,4304,0
1158,4742,1158,254,183,4305,0
1158,4743,1158,254,183,4306,0
1158,4744,1158,254,183,4307,0
1158,4745,1158,254,184,4307,0
1159,4746,1158,254,184,4308,0
1159,4747,1158,254,184,4309,0
1159,4749,1159,255,184,4310,0
1159,4750,1159,255,184,4311,0
1159,4751,1159,255,184,4312,0
1159,4752,1159,255,184,4313,0
1159,4753,1159,255,184,4314,0
1159,4754,1159,255,184,4315,0
1159,4755,1159,255,184,4316,0
1159,4757,1159,256,184,4317,0
1159,4758,1159,256,184,4318,0
1159,4759,1159,256,184,4319,0
1159,4760,1159,256,184,4320,0
1159,4761,1159,256,184,4321,0
1159,4762,1159,256,184,4322,0
1160,4764,1160,257,185,4322,0
1160,4765,1160,257,185,4323,0
1160,4766,1160,257,185,4324,0
1160,4767,1160,257,185,4325,0
1160,4768,1160,257,185,4326,0
1160,4769,1160,257,185,4327,0
1160,4770,1160,257,185,4328,0
1160,4771,1160,257,185,4329,0
1174,4772,1160,257,185,4330,0
1174,4773,1160,257,185,4331,0
1174,4774,1160,257,185,4332,0
1174,4776,1174,258,185,4333,0
1174,4777,1174,258,186,4333,0
1174,4778,1174,258,186,4334,0
1174,4779,1174,258,186,4335,0
1174,4780,1174,258,186,4336,0
1174,4781,1174,258,186,4337,0
1174,4782,1174,258,187,4337,0
1174,4783,1174,258,187,4338,0
1174,4784,1174,258,188,4338,0
1174,4785,1174,258,188,4339,0
1174,4786,1174,258,188,4340,0
1174,4787,1174,258,188,4341,0
1174,4788,1174,258,188,4342,0
1174,4789,1174,258,188,4343,0
1174,4790,1174,258,188,4344,0
1174,4791,1174,258,188,4345,0
1174,4792,1174,258,188,4346,0
1174,4793,1174,258,188,4347,0
1174,4794,1174,258,188,4348,0
1174,4795,1174,258,188,4349,0
1174,4796,1174,258,188,4350,0
1174,4797,1174,258,188,4351,0
1174,4798,1174,258,188,4352,0
1174,4799,1174,258,188,4353,0
1174,4800,1174,258,188,4354,0
1174,4801,1174,258,188,4355,0
1174,4802,1174,258,188,4356,0
1174,4803,1174,258,188,4357,0
1174,4804,1174,258,188,4358,0
1174,4805,1174,258,188,4359,0
1174,4806,1174,258,188,4360,0
1174,4807,1174,258,188,4361,0
1174,4808,1174,258,188,4362,0
1174,4809,1174,258,188,4363,0
1174,4810,1174,258,188,4364,0
1174,4811,1174,258,188,4365,0
1174,4812,1174,258,188,4366,0
1174,4813,1174,258,188,4367,0
1174,4815,1174,259,188,4368,0
1174,4816,1174,259,188,4369,0
1174,4817,1174,259,188,4370,0
1174,4818,1174,259,188,4371,0
1174,4822,1174,262,188,4372,0
1174,4823,1174,262,188,4373,0
1174,4824,1174,262,189,4373,0
1174,4825,1174,262,189,4374,0
1174,4826,1174,262,189,4375,0
1174,4827,1174,262,189,4376,0
1174,4828,1174,262,190,4376,0
1174,4830,1174,263,190,4377,0
1174,4831,1174,263,190,4378,0
1174,4832,1174,263,190,4379,0
1174,4833,1174,263,190,4380,0
1174,4834,1174,263,191,4380,0
1174,4835,1174,263,191,4381,0
1174,4836,1174,263,191,4382,0
1174,4837,1174,263,191,4383,0
1174,4838,1174,263,191,4384,0
1174,4839,1174,263,191,4385,0
1174,4840,1174,263,191,4386,0
1174,4841,1174,263,191,4387,0
1174,4842,1174,263,191,4388,0
1174,4843,1174,263,191,4389,0
1174,4844,1174,263,191,4390,0
1174,4845,1174,263,191,4391,0
1174,4846,1174,263,191,4392,0
1174,4847,1174,263,191,4393,0
1174,4848,1174,263,191,4394,0
1174,4849,1174,263,191,4395,0
1174,4851,1174,264,192,4395,0
1174,4852,1174,264,192,4396,0
1174,4853,1174,264,192,4397,0
1174,4854,1174,264,192,4398,0
1190,4858,1174,267,192,4399,0
1190,4859,1174,267,192,4400,0
1190,4860,1174,267,192,4401,0
1190,4861,1174,267,192,4402,0
1190,4862,1174,267,192,4403,0
1190,4863,1174,267,192,4404,0
1190,4864,1174,267,192,4405,0
1190,4865,1174,267,192,4406,0
1190,4866,1174,267,192,4407,0
1190,4867,1174,267,192,4408,0
1190,4868,1174,267,192,4409,0
1190,4869,1174,267,192,4410,0
1190,4870,1174,267,192,4411,0
1190,4871,1174,267,192,4412,0
1190,4872,1174,267,192,4413,0
1190,4873,1174,267,192,4414,0
1190,4874,1174,267,192,4415,0
1190,4875,1174,267,192,4416,0
1190,4876,1174,267,192,4417,0
1231,4877,1174,267,192,4418,0
1231,4878,1174,267,192,4419,0
1231,4879,1174,267,192,4420,0
1231,4880,1174,267,192,4421,0
1231,4881,1174,267,192,4422,0
1231,4882,1174,267,192,4423,0
1231,4883,1174,267,192,4424,0
1232,4884,1174,267,192,4425,0
1232,4885,1174,267,192,4426,0
1232,4886,1174,267,192,4427,0
1232,4887,1174,267,192,4428,0
1232,4888,1174,267,192,4429,0
1232,4889,1174,267,192,4430,0
1232,4890,1174,267,192,4431,0
1232,4891,1174,267,192,4432,0
1232,4892,1174,267,192,4433,0
1232,4894,1232,268,192,4434,0
1232,4895,1232,268,192,4435,0
1232,4896,1232,268,192,4436,0
1232,4897,1232,268,192,4437,0
1232,4898,1232,268,192,4438,0
1232,4899,1232,268,192,4439,0
1232,4900,1232,268,192,4440,0
1232,4901,1232,268,192,4441,0
1233,4902,1232,268,192,4442,0
1233,4903,1232,268,192,4443,0
1233,4904,1232,268,192,4444,0
1233,4906,1233,269,192,4445,0
1233,4907,1233,269,192,4446,0
1251,4908,1233,269,192,4447,0
1251,4909,1233,269,192,4448,0
1251,4910,1233,269,192,4449,0
1251,4911,1233,269,192,4450,0
1251,4912,1233,269,193,4450,0
1253,4914,1251,270,193,4451,0
1253,4915,1251,270,193,4452,0
1253,4916,1251,270,193,4453,0
1253,4917,1251,270,193,4454,0
1253,4918,1251,270,193,4455,0
1253,4919,1251,270,193,4456,0
1253,4920,1251,270,193,4457,0
1253,4921,1251,270,193,4458,0
1253,4922,1251,270,193,4459,0
1253,4923,1251,270,193,4460,0
1253,4924,1251,270,193,4461,0
1253,4925,1251,270,194,4461,0
1253,4926,1251,270,194,4462,0
1253,4927,1251,270,194,4463,0
1253,4929,1253,271,194,4464,0
1253,4930,1253,271,194,4465,0
1253,4932,1253,272,194,4466,0
1253,4933,1253,272,194,4467,0
1253,4934,1253,272,194,4468,0
1253,4935,1253,272,194,4469,0
1254,4936,1253,272,194,4470,0
1254,4937,1253,272,194,4471,0
1254,4938,1253,272,195,4471,0
1254,4939,1253,272,195,4472,0
1254,4940,1253,272,195,4473,0
1254,4941,1253,272,195,4474,0
1254,4942,1253,272,195,4475,0
1254,4944,1254,273,196,4475,0
1254,4945,1254,273,196,4476,0
1254,4946,1254,273,197,4476,0
1254,4947,1254,273,197,4477,0
1254,4948,1254,273,197,4478,0
1254,4949,1254,273,197,4479,0
1254,4950,1254,273,197,4480,0
1254,4951,1254,273,197,4481,0
1254,4952,1254,273,197,4482,0
1254,4953,1254,273,197,4483,0
1254,4954,1254,273,197,4484,0
1254,4955,1254,273,197,4485,0
1254,4956,1254,273,197,4486,0
1254,4958,1254,274,197,4487,0
1255,4959,1254,274,198,4487,0
1255,4961,1255,275,198,4488,0
1255,4962,1255,275,198,4489,0
1255,4963,1255,275,198,4490,0
1255,4965,1255,276,198,4491,0
1255,4966,1255,276,198,4492,0
1255,4967,1255,276,198,4493,0
1255,4968,1255,276,198,4494,0
1255,4969,1255,276,198,4495,0
1255,4970,1255,276,198,4496,0
1255,4971,1255,276,198,4497,0
1255,4972,1255,276,198,4498,0
1255,4973,1255,276,199,4498,0
1255,4974,1255,276,199,4499,0
1255,4975,1255,276,199,4500,0
1255,4976,1255,276,199,4501,0
1255,4977,1255,276,199,4502,0
1255,4978,1255,276,199,4503,0
1255,4979,1255,276,199,4504,0
1255,4980,1255,276,199,4505,0
1255,4981,1255,276,199,4506,0
1255,4982,1255,276,199,4507,0
1255,4983,1255,276,199,4508,0
1256,4984,1255,276,199,4509,0
1256,4985,1255,276,199,4510,0
1256,4986,1255,276,200,4510,0
1256,4987,1255,276,200,4511,0
1256,4988,1255,276,200,4512,0
1256,4989,1255,276,200,4513,0
1256,4990,1255,276,200,4514,0
1256,4991,1255,276,200,4515,0
1256,4992,1255,276,200,4516,0
1256,4993,1255,276,200,4517,0
1256,4995,1256,277,200,4518,0
1256,4996,1256,277,200,4519,0
1256,4997,1256,277,200,4520,0
1256,4998,1256,277,200,4521,0
1256,4999,1256,277,200,4522,0
1256,5000,1256,277,200,4523,0
1256,5001,1256,277,200,4524,0
1256,5002,1256,277,200,4525,0
1256,5003,1256,277,200,4526,0
1256,5004,1256,277,200,4527,0
1256,5005,1256,277,200,4528,0
1256,5006,1256,277,200,4529,0
1256,5007,1256,277,200,4530,0
1256,5009,1256,278,200,4531,0
1256,5010,1256,278,200,4532,0
1256,5011,1256,278,200,4533,0
1256,5012,1256,278,200,4534,0
1256,5013,1256,278,200,4535,0
1256,5014,1256,278,201,4535,0
1256,5015,1256,278,201,4536,0
1256,5016,1256,278,201,4537,0
1256,5017,1256,278,201,4538,0
1256,5018,1256,278,201,4539,0
1257,5019,1256,278,201,4540,0
1257,5020,1256,278,202,4540,0
1257,5021,1256,278,202,4541,0
1257,5023,1257,279,202,4542,0
1257,5024,1257,279,202,4543,0
1257,5025,1257,279,202,4544,0
1257,5026,1257,279,202,4545,0
1257,5027,1257,279,202,4546,0
1257,5029,1257,280,202,4547,0
1257,5030,1257,280,202,4548,0
1257,5031,1257,280,202,4549,0
1257,5033,1257,281,202,4550,0
1257,5034,1257,281,202,4551,0
1257,5035,1257,281,202,4552,0
1257,5036,1257,281,202,4553,0
1257,5037,1257,281,202,4554,0
1257,5038,1257,281,202,4555,0
1257,5040,1257,282,202,4556,0
1257,5041,1257,282,202,4557,0
1257,5043,1257,283,202,4558,0
1257,5044,1257,283,202,4559,0
1257,5045,1257,283,202,4560,0
1257,5046,1257,283,202,4561,0
1257,5047,1257,283,202,4562,0
1257,5048,1257,283,202,4563,0
1257,5049,1257,283,202,4564,0
1257,5050,1257,283,202,4565,0
1257,5051,1257,283,202,4566,0
1257,5052,1257,283,202,4567,0
1258,5053,1257,283,202,4568,0
1258,5054,1257,283,202,4569,0
1258,5055,1257,283,202,4570,0
1258,5056,1257,283,202,4571,0
1258,5057,1257,283,202,4572,0
1258,5058,1257,283,202,4573,0
1258,5059,1257,283,202,4574,0
1258,5060,1257,283,202,4575,0
1258,5061,1257,283,202,4576,0
1258,5062,1257,283,202,4577,0
1258,5063,1257,283,203,4577,0
1258,5064,1257,283,203,4578,0
1258,5065,1257,283,203,4579,0
1258,5066,1257,283,204,4579,0
1258,5067,1257,283,204,4580,0
1258,5068,1257,283,204,4581,0
1258,5069,1257,283,204,4582,0
1258,5070,1257,283,205,4582,0
1258,5071,1257,283,205,4583,0
1258,5072,1257,283,205,4584,0
1258,5073,1257,283,205,4585,0
1258,5074,1257,283,205,4586,0
1258,5075,1257,283,205,4587,0
1258,5076,1257,283,205,4588,0
1258,5079,1258,285,205,4589,0
1258,5080,1258,285,205,4590,0
1258,5081,1258,285,205,4591,0
1258,5082,1258,285,205,4592,0
1258,5083,1258,285,205,4593,0
1258,5084,1258,285,205,4594,0
1258,5086,1258,286,205,4595,0
1258,5087,1258,286,205,4596,0
1258,5088,1258,286,205,4597,0
1258,5089,1258,286,205,4598,0
1259,5090,1258,286,205,4599,0
1259,5091,1258,286,205,4600,0
1259,5092,1258,286,205,4601,0
1259,5093,1258,286,205,4602,0
1259,5094,1258,286,205,4603,0
1259,5095,1258,286,205,4604,0
1259,5096,1258,286,205,4605,0
1259,5097,1258,286,205,4606,0
1259,5098,1258,286,205,4607,0
1259,5099,1258,286,205,4608,0
1259,5100,1258,286,205,4609,0
1259,5101,1258,286,205,4610,0
1259,5102,1258,286,205,4611,0
1259,5103,1258,286,206,4611,0
1259,5104,1258,286,206,4612,0
1259,5105,1258,286,206,4613,0
1259,5106,1258,286,206,4614,0
1259,5109,1259,288,206,4615,0
1259,5110,1259,288,206,4616,0
1259,5111,1259,288,206,4617,0
1259,5112,1259,288,206,4618,0
1259,5113,1259,288,206,4619,0
1259,5114,1259,288,206,4620,0
1259,5115,1259,288,206,4621,0
1259,5117,1259,289,206,4622,0
1259,5118,1259,289,206,4623,0
1259,5119,1259,289,207,4623,0
1259,5120,1259,289,207,4624,0
1259,5121,1259,289,208,4624,0
1259,5122,1259,289,208,4625,0
1259,5123,1259,289,208,4626,0
1259,5124,1259,289,208,4627,0
1259,5125,1259,289,208,4628,0
1259,5126,1259,289,208,4629,0
1259,5127,1259,289,208,4630,0
1259,5128,1259,289,209,4630,0
1259,5129,1259,289,210,4630,0
1259,5130,1259,289,210,4631,0
1259,5131,1259,289,210,4632,0
1259,5132,1259,289,210,4633,0
1259,5133,1259,289,210,4634,0
1259,5134,1259,289,210,4635,0
1259,5135,1259,289,210,4636,0
1259,5136,1259,289,210,4637,0
1259,5137,1259,289,210,4638,0
1259,5138,1259,289,211,4638,0
1259,5139,1259,289,211,4639,0
1259,5140,1259,289,211,4640,0
1259,5141,1259,289,211,4641,0
1260,5143,1260,290,211,4642,0
1260,5144,1260,290,211,4643,0
1260,5146,1260,291,211,4644,0
1260,5149,1260,293,211,4645,0
1260,5151,1260,294,211,4646,0
1260,5152,1260,294,211,4647,0
1260,5153,1260,294,211,4648,0
1260,5154,1260,294,211,4649,0
1260,5155,1260,294,211,4650,0
1260,5156,1260,294,212,4650,0
1260,5157,1260,294,212,4651,0
1260,5158,1260,294,212,4652,0
1260,5159,1260,294,212,4653,0
1260,5160,1260,294,212,4654,0
1260,5161,1260,294,212,4655,0
1260,5162,1260,294,212,4656,0
1260,5164,1260,295,212,4657,0
1260,5165,1260,295,212,4658,0
1260,5166,1260,295,212,4659,0
1275,5167,1260,295,212,4660,0
1275,5168,1260,295,212,4661,0
1276,5169,1260,295,212,4662,0
1276,5170,1260,295,212,4663,0
1276,5171,1260,295,212,4664,0
1276,5172,1260,295,212,4665,0
1276,5174,1276,296,212,4666,0
1276,5175,1276,296,212,4667,0
1276,5176,1276,296,212,4668,0
1276,5177,1276,296,213,4668,0
1276,5178,1276,296,213,4669,0
1276,5179,1276,296,214,4669,0
1276,5180,1276,296,214,4670,0
1276,5181,1276,296,214,4671,0
1276,5182,1276,296,214,4672,0
1276,5183,1276,296,214,4673,0
1276,5184,1276,296,214,4674,0
1276,5185,1276,296,215,4674,0
1276,5186,1276,296,215,4675,0
1276,5187,1276,296,215,4676,0
1276,5188,1276,296,215,4677,0
1276,5189,1276,296,215,4678,0
1276,5190,1276,296,215,4679,0
1276,5191,1276,296,215,4680,0
1276,5193,1276,297,215,4681,0
1276,5194,1276,297,215,4682,0
1276,5195,1276,297,215,4683,0
1276,5196,1276,297,215,4684,0
1276,5197,1276,297,215,4685,0
1276,5199,1276,298,215,4686,0
1276,5200,1276,298,215,4687,0
1276,5201,1276,298,215,4688,0
1276,5202,1276,298,215,4689,0
1276,5203,1276,298,215,4690,0
1276,5204,1276,298,215,4691,0
1276,5205,1276,298,215,4692,0
1276,5206,1276,298,215,4693,0
1276,5208,1276,299,215,4694,0
1276,5209,1276,299,215,4695,0
1276,5210,1276,299,215,4696,0
1276,5211,1276,299,215,4697,0
1276,5212,1276,299,215,4698,0
1276,5213,1276,299,215,4699,0
1276,5215,1276,300,215,4700,0
1276,5216,1276,300,215,4701,0
1276,5217,1276,300,215,4702,0
1277,5219,1276,301,215,4703,0
1277,5220,1276,301,215,4704,0
1277,5221,1276,301,215,4705,0
1277,5222,1276,301,215,4706,0
1277,5223,1276,301,215,4707,0
1277,5224,1276,301,215,4708,0
1277,5225,1276,301,215,4709,0
1277,5226,1276,301,215,4710,0
1277,5227,1276,301,215,4711,0
1277,5228,1276,301,215,4712,0
1277,5229,1276,301,215,4713,0
1277,5230,1276,301,215,4714,0
1277,5231,1276,301,215,4715,0
1277,5232,1276,301,215,4716,0
1277,5233,1276,301,215,4717,0
1277,5234,1276,301,215,4718,0
1277,5235,1276,301,215,4719,0
1277,5236,1276,301,215,4720,0
1277,5237,1276,301,215,4721,0
1277,5238,1276,301,216,4721,0
1277,5239,1276,301,216,4722,0
1277,5240,1276,301,216,4723,0
1277,5241,1276,301,216,4724,0
1277,5242,1276,301,216,4725,0
1277,5243,1276,301,216,4726,0
1277,5244,1276,301,216,4727,0
1290,5246,1277,302,216,4728,0
1290,5247,1277,302,216,4729,0
1290,5248,1277,302,216,4730,0
1290,5249,1277,302,216,4731,0
1290,5250,1277,302,216,4732,0
1290,5251,1277,302,216,4733,0
1290,5252,1277,302,217,4733,0
1290,5253,1277,302,217,4734,0
1290,5254,1277,302,217,4735,0
1290,5255,1277,302,217,4736,0
1290,5256,1277,302,217,4737,0
1290,5257,1277,302,217,4738,0
1290,5258,1277,302,217,4739,0
1290,5259,1277,302,217,4740,0
1290,5260,1277,302,217,4741,0
1332,5262,1290,303,217,4742,0
1332,5263,1290,303,217,4743,0
1332,5264,1290,303,217,4744,0
1332,5265,1290,303,217,4745,0
1332,5266,1290,303,217,4746,0
1332,5267,1290,303,217,4747,0
1332,5268,1290,303,217,4748,0
1332,5269,1290,303,218,4748,0
1332,5270,1290,303,218,4749,0
1332,5271,1290,303,218,4750,0
1332,5272,1290,303,218,4751,0
1332,5273,1290,303,218,4752,0
1332,5274,1290,303,218,4753,0
1332,5275,1290,303,219,4753,0
1332,5276,1290,303,219,4754,0
1332,5278,1332,304,219,4755,0
1332,5279,1332,304,219,4756,0
1332,5280,1332,304,219,4757,0
1333,5282,1332,305,219,4758,0
1333,5283,1332,305,220,4758,0
1333,5284,1332,305,220,4759,0
1333,5285,1332,305,220,4760,0
1333,5286,1332,305,220,4761,0
1334,5288,1333,306,220,4762,0
1334,5289,1333,306,220,4763,0
1334,5290,1333,306,220,4764,0
1334,5291,1333,306,220,4765,0
1351,5292,1333,306,220,4766,0
1351,5293,1333,306,220,4767,0
1351,5294,1333,306,221,4767,0
1351,5295,1333,306,221,4768,0
1354,5299,1352,309,221,4769,0
1354,5300,1352,309,221,4770,0
1354,5301,1352,309,221,4771,0
1354,5302,1352,309,221,4772,0
1354,5303,1352,309,221,4773,0
1354,5304,1352,309,221,4774,0
1354,5305,1352,309,221,4775,0
1354,5306,1352,309,221,4776,0
1354,5307,1352,309,222,4776,0
1354,5308,1352,309,223,4776,0
1354,5309,1352,309,224,4776,0
1354,5310,1352,309,224,4777,0
1354,5311,1352,309,224,4778,0
1354,5312,1352,309,224,4779,0
1354,5313,1352,309,224,4780,0
1354,5314,1352,309,225,4780,0
1354,5316,1354,310,225,4781,0
1354,5317,1354,310,225,4782,0
1354,5319,1354,311,225,4783,0
1354,5320,1354,311,225,4784,0
1354,5322,1354,312,225,4785,0
1354,5323,1354,312,225,4786,0
1354,5324,1354,312,226,4786,0
1355,5327,1355,314,226,4787,0
1355,5328,1355,314,226,4788,0
1355,5329,1355,314,226,4789,0
1355,5330,1355,314,226,4790,0
1355,5331,1355,314,226,4791,0
1355,5332,1355,314,226,4792,0
1355,5333,1355,314,226,4793,0
1355,5334,1355,314,226,4794,0
1355,5335,1355,314,226,4795,0
1355,5336,1355,314,226,4796,0
1355,5337,1355,314,226,4797,0
1355,5338,1355,314,226,4798,0
1355,5339,1355,314,226,4799,0
1355,5340,1355,314,226,4800,0
1355,5341,1355,314,226,4801,0
1355,5342,1355,314,226,4802,0
1355,5343,1355,314,226,4803,0
1355,5344,1355,314,226,4804,0
1355,5345,1355,314,226,4805,0
1355,5346,1355,314,226,4806,0
1355,5347,1355,314,226,4807,0
1355,5348,1355,314,227,4807,0
1355,5349,1355,314,227,4808,0
1355,5350,1355,314,227,4809,0
1355,5351,1355,314,227,4810,0
1355,5352,1355,314,227,4811,0
1355,5353,1355,314,227,4812,0
1355,5354,1355,314,227,4813,0
1355,5355,1355,314,227,4814,0
1356,5357,1355,315,227,4815,0
1356,5358,1355,315,227,4816,0
1356,5359,1355,315,227,4817,0
1356,5360,1355,315,227,4818,0
1356,5361,1355,315,227,4819,0
1356,5362,1355,315,227,4820,0
1356,5363,1355,315,227,4821,0
1356,5364,1355,315,227,4822,0
1356,5365,1355,315,227,4823,0
1356,5366,1355,315,227,4824,0
1356,5367,1355,315,227,4825,0
1356,5368,1355,315,227,4826,0
1356,5369,1355,315,227,4827,0
1356,5370,1355,315,227,4828,0
1356,5371,1355,315,227,4829,0
1356,5372,1355,315,227,4830,0
1356,5373,1355,315,228,4830,0
1356,5374,1355,315,228,4831,0
1356,5375,1355,315,228,4832,0
1356,5376,1355,315,228,4833,0
1356,5377,1355,315,228,4834,0
1356,5378,1355,315,228,4835,0
1356,5380,1356,316,228,4836,0
1356,5381,1356,316,228,4837,0
1356,5382,1356,316,228,4838,0
1356,5383,1356,316,228,4839,0
1356,5384,1356,316,228,4840,0
1356,5385,1356,316,228,4841,0
1357,5386,1356,316,228,4842,0
1357,5387,1356,316,228,4843,0
1357,5388,1356,316,228,4844,0
1357,5390,1357,317,228,4845,0
1357,5391,1357,317,228,4846,0
1357,5392,1357,317,229,4846,0
1357,5393,1357,317,229,4847,0
1357,5394,1357,317,229,4848,0
1357,5395,1357,317,229,4849,0
1357,5396,1357,317,229,4850,0
1357,5397,1357,317,229,4851,0
1357,5398,1357,317,229,4852,0
1357,5399,1357,317,229,4853,0
1357,5400,1357,317,229,4854,0
1357,5401,1357,317,229,4855,0
1357,5402,1357,317,229,4856,0
1357,5403,1357,317,229,4857,0
1357,5404,1357,317,229,4858,0
1357,5405,1357,317,229,4859,0
1357,5407,1357,318,229,4860,0
1357,5408,1357,318,229,4861,0
1357,5409,1357,318,230,4861,0
1357,5410,1357,318,230,4862,0
1357,5411,1357,318,230,4863,0
1357,5412,1357,318,230,4864,0
1357,5413,1357,318,230,4865,0
1357,5414,1357,318,230,4866,0
1357,5415,1357,318,230,4867,0
1357,5416,1357,318,230,4868,0
1357,5417,1357,318,230,4869,0
1357,5418,1357,318,230,4870,0
1358,5419,1357,318,230,4871,0
1358,5420,1357,318,230,4872,0
1358,5421,1357,318,230,4873,0
1358,5422,1357,318,230,4874,0
1358,5423,1357,318,230,4875,0
1358,5424,1357,318,230,4876,0
1358,5425,1357,318,230,4877,0
1358,5426,1357,318,230,4878,0
1358,5428,1358,319,230,4879,0
1358,5429,1358,319,230,4880,0
1358,5430,1358,319,230,4881,0
1358,5431,1358,319,231,4881,0
1358,5432,1358,319,231,4882,0
1358,5433,1358,319,231,4883,0
1358,5434,1358,319,231,4884,0
1358,5435,1358,319,231,4885,0
1358,5437,1358,320,231,4886,0
1358,5438,1358,320,231,4887,0
1358,5439,1358,320,231,4888,0
1358,5440,1358,320,231,4889,0
1358,5441,1358,320,231,4890,0
1358,5442,1358,320,231,4891,0
1358,5443,1358,320,231,4892,0
1358,5444,1358,320,231,4893,0
1358,5445,1358,320,231,4894,0
1358,5446,1358,320,231,4895,0
1359,5447,1358,320,231,4896,0
1359,5448,1358,320,231,4897,0
1359,5449,1358,320,231,4898,0
1359,5450,1358,320,232,4898,0
1359,5451,1358,320,232,4899,0
1359,5452,1358,320,232,4900,0
1359,5453,1358,320,232,4901,0
1359,5454,1358,320,232,4902,0
1359,5455,1358,320,232,4903,0
1359,5456,1358,320,232,4904,0
1359,5457,1358,320,232,4905,0
1359,5458,1358,320,232,4906,0
1359,5459,1358,320,232,4907,0
1359,5460,1358,320,232,4908,0
1359,5461,1358,320,233,4908,0
1359,5462,1358,320,233,4909,0
1359,5463,1358,320,233,4910,0
1359,5464,1358,320,233,4911,0
1359,5465,1358,320,233,4912,0
1359,5466,1358,320,233,4913,0
1359,5467,1358,320,233,4914,0
1359,5468,1358,320,234,4914,0
1359,5470,1359,321,235,4914,0
1359,5471,1359,321,235,4915,0
1359,5472,1359,321,236,4915,0
1359,5473,1359,321,236,4916,0
1359,5475,1359,322,236,4917,0
1359,5477,1359,323,237,4917,0
1359,5478,1359,323,237,4918,0
1359,5479,1359,323,237,4919,0
1359,5481,1359,324,237,4920,0
1359,5483,1359,325,237,4921,0
1359,5484,1359,325,237,4922,0
1359,5485,1359,325,237,4923,0
1359,5486,1359,325,237,4924,0
1360,5487,1359,325,237,4925,0
1360,5488,1359,325,237,4926,0
1360,5489,1359,325,237,4927,0
1360,5490,1359,325,237,4928,0
1360,5491,1359,325,237,4929,0
1360,5492,1359,325,237,4930,0
1360,5494,1360,326,237,4931,0
1360,5495,1360,326,237,4932,0
1360,5496,1360,326,237,4933,0
1360,5497,1360,326,237,4934,0
1360,5498,1360,326,237,4935,0
1360,5500,1360,327,237,4936,0
1360,5501,1360,327,237,4937,0
1360,5502,1360,327,237,4938,0
1360,5503,1360,327,237,4939,0
1360,5504,1360,327,237,4940,0
1360,5505,1360,327,237,4941,0
1360,5506,1360,327,237,4942,0
1360,5507,1360,327,237,4943,0
1360,5508,1360,327,237,4944,0
1360,5509,1360,327,237,4945,0
1360,5510,1360,327,238,4945,0
1360,5511,1360,327,238,4946,0
1360,5512,1360,327,238,4947,0
1360,5513,1360,327,238,4948,0
1360,5514,1360,327,238,4949,0
1360,5515,1360,327,238,4950,0
1360,5516,1360,327,238,4951,0
1360,5517,1360,327,238,4952,0
1360,5518,1360,327,238,4953,0
1360,5519,1360,327,238,4954,0
1360,5520,1360,327,238,4955,0
1360,5521,1360,327,238,4956,0
1360,5523,1360,328,238,4957,0
1360,5524,1360,328,238,4958,0
1360,5525,1360,328,238,4959,0
1360,5526,1360,328,238,4960,0
1360,5527,1360,328,238,4961,0
1360,5528,1360,328,238,4962,0
1360,5529,1360,328,238,4963,0
1360,5530,1360,328,238,4964,0
1360,5531,1360,328,238,4965,0
1360,5532,1360,328,238,4966,0
1360,5533,1360,328,238,4967,0
1361,5534,1360,328,238,4968,0
1361,5535,1360,328,238,4969,0
1361,5536,1360,328,238,4970,0
1361,5537,1360,328,238,4971,0
1361,5538,1360,328,238,4972,0
1361,5539,1360,328,238,4973,0
1361,5540,1360,328,238,4974,0
1361,5541,1360,328,238,4975,0
1361,5542,1360,328,238,4976,0
1361,5543,1360,328,238,4977,0
1361,5544,1360,328,238,4978,0
1361,5545,1360,328,238,4979,0
1361,5546,1360,328,238,4980,0
1361,5547,1360,328,238,4981,0
1361,5548,1360,328,238,4982,0
1376,5549,1360,328,238,4983,0
1376,5550,1360,328,239,4983,0
1376,5551,1360,328,240,4983,0
1376,5552,1360,328,240,4984,0
1376,5553,1360,328,240,4985,0
1376,5554,1360,328,240,4986,0
1376,5555,1360,328,240,4987,0
1376,5556,1360,328,240,4988,0
1376,5557,1360,328,240,4989,0
1376,5558,1360,328,240,4990,0
1376,5559,1360,328,240,4991,0
1376,5560,1360,328,240,4992,0
1376,5562,1376,329,240,4993,0
1376,5564,1376,330,240,4994,0
1377,5565,1376,330,240,4995,0
1377,5566,1376,330,240,4996,0
1377,5567,1376,330,240,4997,0
1377,5568,1376,330,240,4998,0
1377,5569,1376,330,240,4999,0
1377,5570,1376,330,240,5000,0
1377,5571,1376,330,240,5001,0
1377,5572,1376,330,240,5002,0
1377,5573,1376,330,240,5003,0
1377,5574,1376,330,240,5004,0
1377,5575,1376,330,240,5005,0
1377,5576,1376,330,240,5006,0
1377,5577,1376,330,240,5007,0
1377,5578,1376,330,240,5008,0
1377,5579,1376,330,240,5009,0
1377,5580,1376,330,240,5010,0
1377,5581,1376,330,240,5011,0
1377,5582,1376,330,240,5012,0
1377,5583,1376,330,240,5013,0
1377,5584,1376,330,240,5014,0
1377,5585,1376,330,240,5015,0
1377,5586,1376,330,240,5016,0
1377,5587,1376,330,240,5017,0
1377,5588,1376,330,240,5018,0
1377,5589,1376,330,240,5019,0
1377,5590,1376,330,240,5020,0
1377,5591,1376,330,240,5021,0
1377,5592,1376,330,240,5022,0
1377,5593,1376,330,240,5023,0
1377,5594,1376,330,240,5024,0
1377,5595,1376,330,241,5024,0
1377,5596,1376,330,241,5025,0
1377,5597,1376,330,241,5026,0
1377,5598,1376,330,241,5027,0
1377,5599,1376,330,241,5028,0
1377,5600,1376,330,241,5029,0
1378,5601,1376,330,241,5030,0
1378,5602,1376,330,241,5031,0
1378,5603,1376,330,241,5032,0
1378,5605,1378,331,241,5033,0
1378,5606,1378,331,241,5034,0
1378,5607,1378,331,241,5035,0
1378,5608,1378,331,241,5036,0
1378,5609,1378,331,241,5037,0
1378,5610,1378,331,241,5038,0
1378,5611,1378,331,241,5039,0
1378,5612,1378,331,241,5040,0
1378,5613,1378,331,241,5041,0
1378,5614,1378,331,241,5042,0
1378,5615,1378,331,241,5043,0
1378,5616,1378,331,241,5044,0
1378,5617,1378,331,241,5045,0
1378,5618,1378,331,241,5046,0
1378,5619,1378,331,241,5047,0
1378,5621,1378,332,241,5048,0
1378,5622,1378,332,241,5049,0
1378,5623,1378,332,241,5050,0
1378,5624,1378,332,241,5051,0
1378,5625,1378,332,241,5052,0
1391,5626,1378,332,241,5053,0
1391,5627,1378,332,241,5054,0
1391,5628,1378,332,241,5055,0
1391,5629,1378,332,241,5056,0
1391,5630,1378,332,241,5057,0
1391,5631,1378,332,241,5058,0
1391,5632,1378,332,241,5059,0
1391,5633,1378,332,241,5060,0
1391,5634,1378,332,241,5061,0
1391,5635,1378,332,241,5062,0
1391,5636,1378,332,241,5063,0
1391,5637,1378,332,241,5064,0
1391,5638,1378,332,241,5065,0
1391,5639,1378,332,242,5065,0
1433,5641,1391,333,242,5066,0
1433,5642,1391,333,242,5067,0
1433,5644,1433,334,242,5068,0
1433,5645,1433,334,242,5069,0
1433,5646,1433,334,242,5070,0
1433,5647,1433,334,242,5071,0
1433,5648,1433,334,242,5072,0
1433,5649,1433,334,242,5073,0
1433,5650,1433,334,242,5074,0
1433,5651,1433,334,242,5075,0
1433,5652,1433,334,242,5076,0
1433,5653,1433,334,242,5077,0
1433,5654,1433,334,242,5078,0
1433,5655,1433,334,242,5079,0
1433,5656,1433,334,242,5080,0
1433,5657,1433,334,242,5081,0
1433,5658,1433,334,242,5082,0
1433,5659,1433,334,242,5083,0
1434,5660,1433,334,242,5084,0
1434,5661,1433,334,242,5085,0
1434,5662,1433,334,242,5086,0
1434,5664,1434,335,242,5087,0
1435,5665,1434,335,242,5088,0
1435,5666,1434,335,242,5089,0
1435,5667,1434,335,242,5090,0
1452,5668,1434,335,242,5091,0
1452,5669,1434,335,242,5092,0
1452,5670,1434,335,242,5093,0
1452,5671,1434,335,242,5094,0
1452,5672,1434,335,242,5095,0
1453,5673,1434,335,242,5096,0
1453,5674,1434,335,242,5097,0
1455,5676,1453,336,242,5098,0
1455,5677,1453,336,242,5099,0
1455,5678,1453,336,242,5100,0
1455,5679,1453,336,242,5101,0
1455,5680,1453,336,243,5101,0
1455,5681,1453,336,243,5102,0
1455,5682,1453,336,243,5103,0
1455,5683,1453,336,243,5104,0
1455,5684,1453,336,243,5105,0
1455,5685,1453,336,243,5106,0
1455,5686,1453,336,244,5106,0
1455,5688,1455,337,244,5107,0
1455,5689,1455,337,244,5108,0
1455,5690,1455,337,245,5108,0
1455,5691,1455,337,245,5109,0
1455,5692,1455,337,245,5110,0
1455,5693,1455,337,245,5111,0
1455,5694,1455,337,245,5112,0
1455,5695,1455,337,245,5113,0
1455,5696,1455,337,245,5114,0
1455,5697,1455,337,245,5115,0
1456,5700,1456,339,246,5115,0
1456,5701,1456,339,246,5116,0
1456,5702,1456,339,246,5117,0
1456,5703,1456,339,246,5118,0
1456,5704,1456,339,246,5119,0
1456,5705,1456,339,247,5119,0
1456,5706,1456,339,247,5120,0
1456,5707,1456,339,247,5121,0
1456,5708,1456,339,247,5122,0
1456,5709,1456,339,247,5123,0
1456,5711,1456,340,247,5124,0
1456,5712,1456,340,247,5125,0
1456,5713,1456,340,247,5126,0
1456,5714,1456,340,247,5127,0
1456,5716,1456,341,247,5128,0
1456,5717,1456,341,247,5129,0
1456,5718,1456,341,247,5130,0
1456,5719,1456,341,247,5131,0
1457,5720,1456,341,247,5132,0
1457,5721,1456,341,247,5133,0
1457,5722,1456,341,247,5134,0
1457,5723,1456,341,247,5135,0
1457,5724,1456,341,247,5136,0
1457,5725,1456,341,247,5137,0
1457,5726,1456,341,247,5138,0
1457,5727,1456,341,247,5139,0
1457,5728,1456,341,247,5140,0
1457,5729,1456,341,247,5141,0
1457,5730,1456,341,247,5142,0
1457,5731,1456,341,247,5143,0
1457,5732,1456,341,247,5144,0
1457,5733,1456,341,247,5145,0
1457,5734,1456,341,247,5146,0
1457,5735,1456,341,247,5147,0
1457,5736,1456,341,247,5148,0
1457,5737,1456,341,247,5149,0
1457,5738,1456,341,247,5150,0
1457,5739,1456,341,247,5151,0
1457,5740,1456,341,247,5152,0
1457,5741,1456,341,247,5153,0
1457,5742,1456,341,247,5154,0
1457,5743,1456,341,247,5155,0
1457,5744,1456,341,247,5156,0
1457,5745,1456,341,247,5157,0
1457,5746,1456,341,247,5158,0
1457,5747,1456,341,247,5159,0
1457,5748,1456,341,247,5160,0
1457,5749,1456,341,247,5161,0
1458,5750,1456,341,247,5162,0
1458,5751,1456,341,247,5163,0
1458,5753,1458,342,247,5164,0
1458,5754,1458,342,247,5165,0
1458,5755,1458,342,248,5165,0
1458,5756,1458,342,248,5166,0
1458,5757,1458,342,248,5167,0
1458,5758,1458,342,248,5168,0
1458,5759,1458,342,248,5169,0
1458,5760,1458,342,248,5170,0
1458,5761,1458,342,248,5171,0
1458,5763,1458,343,248,5172,0
1458,5764,1458,343,248,5173,0
1458,5765,1458,343,248,5174,0
1458,5766,1458,343,248,5175,0
1458,5767,1458,343,248,5176,0
1458,5768,1458,343,248,5177,0
1458,5769,1458,343,248,5178,0
1458,5771,1458,344,248,5179,0
1458,5772,1458,344,248,5180,0
1458,5773,1458,344,248,5181,0
1458,5774,1458,344,248,5182,0
1458,5775,1458,344,248,5183,0
1459,5776,1458,344,248,5184,0
1459,5777,1458,344,248,5185,0
1459,5779,1459,345,248,5186,0
1459,5780,1459,345,248,5187,0
1459,5781,1459,345,248,5188,0
1459,5782,1459,345,248,5189,0
1459,5783,1459,345,248,5190,0
1459,5784,1459,345,248,5191,0
1459,5785,1459,345,248,5192,0
1459,5786,1459,345,248,5193,0
1459,5787,1459,345,248,5194,0
1459,5788,1459,345,248,5195,0
1459,5789,1459,345,249,5195,0
1459,5790,1459,345,249,5196,0
1459,5791,1459,345,249,5197,0
1459,5792,1459,345,249,5198,0
1459,5793,1459,345,249,5199,0
1459,5794,1459,345,249,5200,0
1459,5795,1459,345,249,5201,0
1459,5796,1459,345,249,5202,0
1459,5798,1459,346,249,5203,0
1459,5799,1459,346,249,5204,0
1459,5800,1459,346,249,5205,0
1459,5801,1459,346,249,5206,0
1459,5802,1459,346,249,5207,0
1459,5803,1459,346,249,5208,0
1459,5804,1459,346,249,5209,0
1459,5806,1459,347,249,5210,0
1460,5807,1459,347,249,5211,0
1460,5808,1459,347,249,5212,0
1460,5809,1459,347,249,5213,0
1460,5810,1459,347,249,5214,0
1460,5811,1459,347,249,5215,0
1460,5812,1459,347,249,5216,0
1460,5813,1459,347,249,5217,0
1460,5814,1459,347,249,5218,0
1460,5815,1459,347,249,5219,0
1460,5816,1459,347,249,5220,0
1460,5817,1459,347,249,5221,0
1460,5818,1459,347,249,5222,0
1460,5819,1459,347,250,5222,0
1460,5820,1459,347,250,5223,0
1460,5821,1459,347,250,5224,0
1460,5822,1459,347,250,5225,0
1460,5823,1459,347,250,5226,0
1460,5824,1459,347,250,5227,0
1460,5825,1459,347,250,5228,0
1460,5826,1459,347,250,5229,0
1460,5827,1459,347,250,5230,0
1460,5828,1459,347,251,5230,0
1460,5829,1459,347,251,5231,0
1460,5830,1459,347,251,5232,0
1460,5831,1459,347,251,5233,0
1460,5833,1460,348,251,5234,0
1460,5834,1460,348,251,5235,0
1460,5837,1460,350,252,5235,0
1460,5838,1460,350,252,5236,0
1460,5839,1460,350,252,5237,0
1460,5840,1460,350,252,5238,0
1460,5841,1460,350,252,5239,0
1460,5842,1460,350,252,5240,0
1460,5843,1460,350,252,5241,0
1460,5844,1460,350,252,5242,0
1460,5845,1460,350,252,5243,0
1460,5846,1460,350,252,5244,0
1460,5847,1460,350,252,5245,0
1461,5848,1460,350,252,5246,0
1461,5849,1460,350,252,5247,0
1461,5850,1460,350,253,5247,0
1461,5851,1460,350,253,5248,0
1461,5852,1460,350,253,5249,0
1461,5853,1460,350,253,5250,0
1461,5854,1460,350,253,5251,0
1461,5855,1460,350,253,5252,0
1461,5857,1461,351,253,5253,0
1461,5858,1461,351,253,5254,0
1461,5859,1461,351,253,5255,0
1461,5862,1461,353,253,5256,0
1461,5863,1461,353,253,5257,0
1461,5864,1461,353,253,5258,0
1461,5865,1461,353,253,5259,0
1461,5866,1461,353,253,5260,0
1461,5867,1461,353,253,5261,0
1461,5869,1461,354,253,5262,0
1461,5870,1461,354,253,5263,0
1461,5871,1461,354,253,5264,0
1461,5872,1461,354,254,5264,0
1461,5873,1461,354,254,5265,0
1461,5874,1461,354,254,5266,0
1461,5876,1461,355,254,5267,0
1461,5877,1461,355,254,5268,0
1461,5878,1461,355,254,5269,0
1461,5879,1461,355,254,5270,0
1461,5880,1461,355,254,5271,0
1461,5881,1461,355,254,5272,0
1461,5882,1461,355,254,5273,0
1461,5883,1461,355,254,5274,0
1461,5884,1461,355,254,5275,0
1461,5885,1461,355,254,5276,0
1461,5886,1461,355,254,5277,0
1462,5887,1461,355,254,5278,0
1462,5888,1461,355,254,5279,0
1462,5889,1461,355,254,5280,0
1462,5890,1461,355,254,5281,0
1462,5891,1461,355,254,5282,0
1462,5892,1461,355,254,5283,0
1462,5893,1461,355,254,5284,0
1462,5894,1461,355,254,5285,0
1462,5895,1461,355,254,5286,0
1462,5896,1461,355,254,5287,0
1462,5897,1461,355,254,5288,0
1462,5898,1461,355,254,5289,0
1462,5899,1461,355,254,5290,0
1462,5900,1461,355,254,5291,0
1462,5901,1461,355,254,5292,0
1462,5902,1461,355,254,5293,0
1462,5903,1461,355,254,5294,0
1462,5904,1461,355,254,5295,0
1462,5905,1461,355,254,5296,0
1462,5906,1461,355,254,5297,0
1462,5907,1461,355,255,5297,0
1462,5908,1461,355,255,5298,0
1462,5910,1462,356,255,5299,0
1462,5911,1462,356,255,5300,0
1462,5912,1462,356,255,5301,0
1462,5913,1462,356,255,5302,0
1462,5914,1462,356,255,5303,0
1462,5915,1462,356,255,5304,0
1462,5916,1462,356,255,5305,0
1462,5917,1462,356,255,5306,0
1462,5918,1462,356,255,5307,0
1462,5919,1462,356,255,5308,0
1462,5920,1462,356,255,5309,0
1462,5922,1462,357,255,5310,0
1462,5923,1462,357,255,5311,0
1462,5924,1462,357,255,5312,0
1477,5925,1462,357,255,5313,0
1477,5926,1462,357,255,5314,0
1477,5927,1462,357,255,5315,0
1477,5928,1462,357,255,5316,0
1477,5929,1462,357,255,5317,0
1477,5931,1477,358,255,5318,0
1477,5932,1477,358,255,5319,0
1477,5933,1477,358,256,5319,0
1477,5934,1477,358,256,5320,0
1477,5935,1477,358,256,5321,0
1477,5936,1477,358,256,5322,0
1477,5938,1477,359,256,5323,0
1477,5939,1477,359,256,5324,0
1477,5941,1477,360,256,5325,0
1478,5943,1477,361,257,5325,0
1478,5944,1477,361,257,5326,0
1478,5945,1477,361,257,5327,0
1478,5946,1477,361,257,5328,0
1478,5947,1477,361,257,5329,0
1478,5948,1477,361,257,5330,0
1478,5949,1477,361,257,5331,0
1478,5950,1477,361,257,5332,0
1478,5952,1478,362,257,5333,0
1478,5953,1478,362,257,5334,0
1478,5954,1478,362,257,5335,0
1478,5955,1478,362,257,5336,0
1478,5956,1478,362,257,5337,0
1478,5957,1478,362,257,5338,0
1479,5958,1478,362,257,5339,0
1479,5959,1478,362,257,5340,0
1479,5960,1478,362,257,5341,0
1479,5961,1478,362,257,5342,0
1479,5962,1478,362,257,5343,0
1479,5963,1478,362,257,5344,0
1479,5964,1478,362,257,5345,0
1479,5966,1479,363,257,5346,0
1479,5967,1479,363,257,5347,0
1479,5968,1479,363,257,5348,0
1479,5969,1479,363,257,5349,0
1479,5970,1479,363,257,5350,0
1479,5971,1479,363,257,5351,0
1479,5972,1479,363,257,5352,0
1479,5973,1479,363,257,5353,0
1479,5974,1479,363,257,5354,0
1479,5975,1479,363,257,5355,0
1479,5976,1479,363,257,5356,0
1479,5977,1479,363,257,5357,0
1479,5978,1479,363,257,5358,0
1479,5979,1479,363,257,5359,0
1479,5980,1479,363,257,5360,0
1479,5981,1479,363,257,5361,0
1479,5982,1479,363,258,5361,0
1479,5983,1479,363,258,5362,0
1479,5984,1479,363,258,5363,0
1479,5985,1479,363,258,5364,0
1479,5986,1479,363,258,5365,0
1479,5987,1479,363,258,5366,0
1479,5988,1479,363,258,5367,0
1479,5989,1479,363,258,5368,0
1479,5991,1479,364,258,5369,0
1479,5992,1479,364,258,5370,0
1479,5993,1479,364,258,5371,0
1479,5994,1479,364,258,5372,0
1479,5996,1479,365,258,5373,0
1479,5997,1479,365,258,5374,0
1479,5998,1479,365,258,5375,0
1479,5999,1479,365,258,5376,0
1479,6000,1479,365,258,5377,0
1479,6001,1479,365,258,5378,0
1479,6002,1479,365,258,5379,0
1479,6003,1479,365,258,5380,0
1492,6004,1479,365,258,5381,0
1492,6005,1479,365,258,5382,0
1492,6006,1479,365,258,5383,0
1492,6007,1479,365,258,5384,0
1492,6008,1479,365,258,5385,0
1492,6009,1479,365,258,5386,0
1492,6010,1479,365,258,5387,0
1492,6011,1479,365,258,5388,0
1492,6012,1479,365,258,5389,0
1492,6013,1479,365,258,5390,0
1492,6014,1479,365,258,5391,0
1492,6015,1479,365,258,5392,0
1492,6016,1479,365,258,5393,0
1492,6017,1479,365,258,5394,0
1492,6019,1492,366,258,5395,0
1534,6020,1492,366,258,5396,0
1534,6021,1492,366,258,5397,0
1534,6022,1492,366,258,5398,0
1534,6023,1492,366,258,5399,0
1534,6024,1492,366,258,5400,0
1534,6025,1492,366,258,5401,0
1534,6026,1492,366,258,5402,0
1534,6027,1492,366,258,5403,0
1535,6028,1492,366,258,5404,0
1535,6029,1492,366,258,5405,0
1535,6030,1492,366,258,5406,0
1535,6031,1492,366,258,5407,0
1535,6032,1492,366,259,5407,0
1535,6033,1492,366,259,5408,0
1535,6034,1492,366,259,5409,0
1535,6035,1492,366,259,5410,0
1535,6036,1492,366,259,5411,0
1535,6038,1535,367,259,5412,0
1535,6039,1535,367,259,5413,0
1535,6040,1535,367,259,5414,0
1535,6041,1535,367,259,5415,0
1535,6042,1535,367,259,5416,0
1535,6043,1535,367,259,5417,0
1535,6044,1535,367,259,5418,0
1535,6045,1535,367,259,5419,0
1535,6046,1535,367,259,5420,0
1536,6047,1535,367,259,5421,0
1536,6048,1535,367,259,5422,0
1536,6049,1535,367,259,5423,0
1553,6050,1535,367,259,5424,0
1553,6051,1535,367,259,5425,0
1553,6052,1535,367,259,5426,0
1554,6053,1535,367,259,5427,0
1554,6055,1554,368,259,5428,0
1554,6056,1554,368,259,5429,0
1554,6057,1554,368,259,5430,0
1556,6059,1556,369,259,5431,0
1556,6060,1556,369,260,5431,0
1556,6061,1556,369,260,5432,0
1556,6063,1556,370,260,5433,0
1556,6064,1556,370,260,5434,0
1556,6065,1556,370,260,5435,0
1556,6067,1556,371,260,5436,0
1556,6068,1556,371,260,5437,0
1556,6069,1556,371,260,5438,0
1556,6070,1556,371,261,5438,0
1556,6071,1556,371,261,5439,0
1556,6072,1556,371,261,5440,0
1556,6073,1556,371,261,5441,0
1556,6075,1556,372,261,5442,0
1556,6076,1556,372,261,5443,0
1557,6078,1556,373,261,5444,0
1557,6079,1556,373,262,5444,0
1557,6080,1556,373,262,5445,0
1557,6081,1556,373,262,5446,0
1557,6082,1556,373,262,5447,0
1557,6083,1556,373,262,5448,0
1557,6084,1556,373,262,5449,0
1557,6085,1556,373,262,5450,0
1557,6086,1556,373,263,5450,0
1557,6087,1556,373,263,5451,0
1557,6088,1556,373,263,5452,0
1557,6089,1556,373,263,5453,0
1557,6090,1556,373,263,5454,0
1557,6091,1556,373,263,5455,0
1557,6092,1556,373,263,5456,0
1557,6093,1556,373,263,5457,0
1557,6094,1556,373,263,5458,0
1557,6096,1557,374,264,5458,0
1557,6097,1557,374,264,5459,0
1557,6098,1557,374,264,5460,0
1557,6099,1557,374,264,5461,0
1558,6100,1557,374,265,5461,0
1558,6101,1557,374,265,5462,0
1558,6103,1558,375,265,5463,0
1558,6104,1558,375,265,5464,0
1558,6105,1558,375,265,5465,0
1558,6106,1558,375,265,5466,0
1558,6107,1558,375,266,5466,0
1558,6109,1558,376,266,5467,0
1558,6111,1558,377,267,5467,0
1558,6112,1558,377,267,5468,0
1558,6113,1558,377,267,5469,0
1558,6115,1558,378,267,5470,0
1558,6116,1558,378,267,5471,0
1558,6118,1558,379,267,5472,0
1558,6119,1558,379,267,5473,0
1558,6120,1558,379,267,5474,0
1558,6122,1558,380,267,5475,0
1558,6123,1558,380,267,5476,0
1558,6124,1558,380,267,5477,0
1558,6125,1558,380,267,5478,0
1558,6126,1558,380,268,5478,0
1558,6127,1558,380,268,5479,0
1558,6128,1558,380,268,5480,0
1558,6129,1558,380,268,5481,0
1558,6130,1558,380,268,5482,0
1558,6131,1558,380,268,5483,0
1558,6132,1558,380,269,5483,0
1558,6133,1558,380,269,5484,0
1558,6134,1558,380,269,5485,0
1558,6135,1558,380,269,5486,0
1558,6136,1558,380,269,5487,0
1558,6137,1558,380,269,5488,0
1558,6138,1558,380,269,5489,0
1558,6139,1558,380,269,5490,0
1558,6140,1558,380,269,5491,0
1559,6142,1559,381,269,5492,0
1559,6143,1559,381,270,5492,0
1559,6144,1559,381,270,5493,0
1559,6145,1559,381,270,5494,0
1559,6147,1559,382,270,5495,0
1559,6148,1559,382,270,5496,0
1559,6149,1559,382,270,5497,0
1559,6150,1559,382,270,5498,0
1559,6151,1559,382,270,5499,0
1559,6152,1559,382,270,5500,0
1559,6154,1559,383,270,5501,0
1559,6155,1559,383,270,5502,0
1559,6156,1559,383,270,5503,0
1559,6157,1559,383,270,5504,0
1559,6158,1559,383,270,5505,0
1559,6159,1559,383,270,5506,0
1559,6160,1559,383,270,5507,0
1559,6161,1559,383,270,5508,0
1559,6162,1559,383,270,5509,0
1559,6163,1559,383,270,5510,0
1559,6164,1559,383,270,5511,0
1559,6165,1559,383,270,5512,0
1559,6166,1559,383,270,5513,0
1559,6167,1559,383,270,5514,0
1559,6168,1559,383,270,5515,0
1559,6169,1559,383,270,5516,0
1559,6170,1559,383,270,5517,0
1559,6171,1559,383,270,5518,0
1559,6172,1559,383,271,5518,0
1559,6173,1559,383,271,5519,0
1559,6174,1559,383,271,5520,0
1559,6175,1559,383,271,5521,0
1559,6176,1559,383,271,5522,0
1559,6177,1559,383,271,5523,0
1559,6178,1559,383,271,5524,0
1559,6179,1559,383,271,5525,0
1560,6181,1559,384,271,5526,0
1560,6182,1559,384,271,5527,0
1560,6183,1559,384,271,5528,0
1560,6184,1559,384,271,5529,0
1560,6185,1559,384,271,5530,0
1560,6186,1559,384,271,5531,0
1560,6188,1560,385,271,5532,0
1560,6189,1560,385,271,5533,0
1560,6190,1560,385,271,5534,0
1560,6191,1560,385,271,5535,0
1560,6192,1560,385,271,5536,0
1560,6193,1560,385,272,5536,0
1560,6195,1560,386,272,5537,0
1560,6196,1560,386,272,5538,0
1560,6197,1560,386,272,5539,0
1560,6198,1560,386,272,5540,0
1560,6199,1560,386,273,5540,0
1560,6200,1560,386,273,5541,0
1560,6201,1560,386,274,5541,0
1560,6202,1560,386,274,5542,0
1560,6203,1560,386,274,5543,0
1560,6204,1560,386,274,5544,0
1560,6205,1560,386,275,5544,0
1560,6206,1560,386,275,5545,0
1560,6207,1560,386,275,5546,0
1560,6208,1560,386,275,5547,0
1560,6209,1560,386,276,5547,0
1560,6210,1560,386,276,5548,0
1560,6211,1560,386,277,5548,0
1560,6212,1560,386,278,5548,0
1560,6213,1560,386,278,5549,0
1560,6214,1560,386,278,5550,0
1560,6215,1560,386,278,5551,0
1560,6217,1560,387,279,5551,0
1560,6219,1560,388,279,5552,0
1561,6221,1561,389,279,5553,0
1561,6225,1561,392,279,5554,0
1561,6226,1561,392,279,5555,0
1561,6228,1561,393,280,5555,0
1561,6229,1561,393,280,5556,0
1561,6231,1561,394,280,5557,0
1561,6232,1561,394,281,5557,0
1561,6234,1561,395,281,5558,0
1561,6235,1561,395,281,5559,0
1561,6236,1561,395,282,5559,0
1561,6237,1561,395,282,5560,0
1561,6239,1561,396,282,5561,0
1561,6240,1561,396,282,5562,0
1561,6241,1561,396,282,5563,0
1561,6242,1561,396,283,5563,0
1561,6243,1561,396,283,5564,0
1561,6244,1561,396,283,5565,0
1561,6245,1561,396,283,5566,0
1561,6246,1561,396,283,5567,0
1561,6247,1561,396,283,5568,0
1561,6250,1561,398,283,5569,0
1562,6252,1561,399,283,5570,0
1562,6253,1561,399,284,5570,0
1562,6255,1562,400,284,5571,0
1562,6256,1562,400,284,5572,0
1562,6257,1562,400,284,5573,0
1562,6258,1562,400,284,5574,0
1562,6259,1562,400,284,5575,0
1562,6261,1562,401,284,5576,0
1562,6262,1562,401,284,5577,0
1562,6263,1562,401,284,5578,0
1562,6264,1562,401,284,5579,0
1562,6265,1562,401,284,5580,0
1562,6266,1562,401,284,5581,0
1562,6267,1562,401,284,5582,0
1562,6268,1562,401,284,5583,0
1562,6269,1562,401,284,5584,0
1562,6270,1562,401,284,5585,0
1562,6271,1562,401,284,5586,0
1562,6272,1562,401,284,5587,0
1562,6273,1562,401,284,5588,0
1562,6274,1562,401,284,5589,0
1562,6275,1562,401,284,5590,0
1562,6276,1562,401,284,5591,0
1562,6277,1562,401,284,5592,0
1562,6278,1562,401,284,5593,0
1562,6279,1562,401,285,5593,0
1562,6280,1562,401,285,5594,0
1562,6281,1562,401,285,5595,0
1562,6282,1562,401,285,5596,0
1562,6283,1562,401,285,5597,0
1562,6284,1562,401,285,5598,0
1563,6286,1563,402,285,5599,0
1563,6287,1563,402,285,5600,0
1563,6288,1563,402,285,5601,0
1563,6289,1563,402,285,5602,0
1563,6290,1563,402,285,5603,0
1563,6291,1563,402,286,5603,0
1563,6292,1563,402,287,5603,0
1563,6293,1563,402,287,5604,0
1563,6294,1563,402,288,5604,0
1563,6295,1563,402,288,5605,0
1563,6296,1563,402,288,5606,0
1563,6299,1563,404,288,5607,0
1563,6300,1563,404,288,5608,0
1563,6301,1563,404,288,5609,0
1563,6302,1563,404,288,5610,0
1563,6304,1563,405,288,5611,0
1563,6305,1563,405,289,5611,0
1563,6307,1563,406,289,5612,0
1563,6308,1563,406,289,5613,0
1563,6310,1563,407,289,5614,0
1563,6311,1563,407,289,5615,0
1563,6312,1563,407,289,5616,0
1563,6313,1563,407,289,5617,0
1563,6314,1563,407,289,5618,0
1563,6315,1563,407,289,5619,0
1563,6316,1563,407,289,5620,0
1578,6317,1563,407,290,5620,0
1578,6318,1563,407,290,5621,0
1578,6319,1563,407,290,5622,0
1578,6320,1563,407,290,5623,0
1578,6321,1563,407,290,5624,0
1578,6322,1563,407,291,5624,0
1578,6323,1563,407,291,5625,0
1578,6325,1578,408,291,5626,0
1578,6326,1578,408,291,5627,0
1578,6327,1578,408,291,5628,0
1578,6328,1578,408,291,5629,0
1578,6329,1578,408,291,5630,0
1578,6330,1578,408,291,5631,0
1579,6331,1578,408,291,5632,0
1579,6333,1579,409,291,5633,0
1579,6334,1579,409,291,5634,0
1579,6335,1579,409,291,5635,0
1579,6336,1579,409,291,5636,0
1579,6337,1579,409,291,5637,0
1579,6338,1579,409,292,5637,0
1579,6339,1579,409,292,5638,0
1579,6340,1579,409,292,5639,0
1579,6341,1579,409,292,5640,0
1579,6342,1579,409,292,5641,0
1579,6343,1579,409,292,5642,0
1579,6344,1579,409,293,5642,0
1579,6346,1579,410,293,5643,0
1579,6347,1579,410,293,5644,0
1579,6348,1579,410,293,5645,0
1579,6349,1579,410,293,5646,0
1579,6350,1579,410,293,5647,0
1579,6351,1579,410,293,5648,0
1579,6352,1579,410,293,5649,0
1579,6353,1579,410,293,5650,0
1579,6354,1579,410,293,5651,0
1579,6355,1579,410,293,5652,0
1579,6356,1579,410,293,5653,0
1579,6357,1579,410,293,5654,0
1579,6359,1579,411,293,5655,0
1579,6360,1579,411,293,5656,0
1579,6361,1579,411,293,5657,0
1579,6362,1579,411,293,5658,0
1580,6363,1579,411,293,5659,0
1580,6364,1579,411,293,5660,0
1580,6365,1579,411,293,5661,0
1580,6366,1579,411,293,5662,0
1580,6367,1579,411,293,5663,0
1580,6368,1579,411,293,5664,0
1580,6369,1579,411,293,5665,0
1580,6370,1579,411,293,5666,0
1580,6371,1579,411,293,5667,0
1580,6372,1579,411,293,5668,0
1580,6373,1579,411,293,5669,0
1580,6374,1579,411,293,5670,0
1580,6375,1579,411,293,5671,0
1580,6377,1580,412,293,5672,0
1580,6378,1580,412,293,5673,0
1580,6379,1580,412,293,5674,0
1580,6380,1580,412,293,5675,0
1580,6381,1580,412,293,5676,0
1580,6382,1580,412,293,5677,0
1580,6383,1580,412,293,5678,0
1580,6384,1580,412,293,5679,0
1580,6385,1580,412,293,5680,0
1580,6386,1580,412,293,5681,0
1580,6387,1580,412,293,5682,0
1580,6388,1580,412,293,5683,0
1580,6389,1580,412,293,5684,0
1580,6390,1580,412,293,5685,0
1580,6391,1580,412,293,5686,0
1580,6392,1580,412,293,5687,0
1580,6393,1580,412,293,5688,0
1581,6394,1580,412,294,5688,0
1593,6396,1581,413,294,5689,0
1593,6397,1581,413,294,5690,0
1593,6398,1581,413,294,5691,0
1593,6399,1581,413,294,5692,0
1593,6400,1581,413,294,5693,0
1593,6401,1581,413,294,5694,0
1593,6402,1581,413,294,5695,0
1593,6403,1581,413,294,5696,0
1593,6404,1581,413,294,5697,0
1593,6405,1581,413,294,5698,0
1593,6406,1581,413,294,5699,0
1593,6407,1581,413,294,5700,0
1593,6408,1581,413,294,5701,0
1593,6409,1581,413,294,5702,0
1593,6410,1581,413,294,5703,0
1593,6411,1581,413,294,5704,0
1593,6412,1581,413,294,5705,0
1593,6413,1581,413,294,5706,0
1640,6414,1581,413,294,5707,0
1640,6415,1581,413,294,5708,0
1640,6416,1581,413,294,5709,0
1640,6417,1581,413,294,5710,0
1640,6418,1581,413,295,5710,0
1640,6419,1581,413,295,5711,0
1640,6421,1640,414,295,5712,0
1640,6422,1640,414,295,5713,0
1640,6424,1640,415,295,5714,0
1640,6425,1640,415,296,5714,0
1640,6426,1640,415,297,5714,0
1640,6428,1640,416,297,5715,0
1640,6429,1640,416,298,5715,0
1640,6430,1640,416,298,5716,0
1640,6431,1640,416,298,5717,0
1640,6432,1640,416,298,5718,0
1640,6433,1640,416,299,5718,0
1640,6434,1640,416,299,5719,0
1640,6435,1640,416,299,5720,0
1640,6436,1640,416,300,5720,0
1640,6437,1640,416,301,5720,0
1640,6439,1640,417,302,5720,0
1640,6440,1640,417,302,5721,0
1640,6441,1640,417,302,5722,0
1640,6443,1640,418,302,5723,0
1640,6444,1640,418,302,5724,0
1640,6446,1640,419,302,5725,0
1640,6450,1640,422,303,5725,0
1654,6452,1640,423,303,5726,0
1654,6453,1640,423,303,5727,0
1655,6454,1640,423,303,5728,0
1655,6455,1640,423,303,5729,0
1657,6456,1640,423,303,5730,0
1657,6457,1640,423,303,5731,0
1657,6458,1640,423,303,5732,0
1657,6459,1640,423,303,5733,0
1657,6460,1640,423,303,5734,0
1657,6461,1640,423,303,5735,0
1657,6462,1640,423,303,5736,0
1657,6463,1640,423,304,5736,0
1657,6464,1640,423,304,5737,0
1657,6465,1640,423,304,5738,0
1657,6468,1657,425,304,5739,0
1657,6469,1657,425,304,5740,0
1657,6470,1657,425,304,5741,0
1657,6471,1657,425,304,5742,0
1657,6472,1657,425,304,5743,0
1657,6473,1657,425,304,5744,0
1657,6474,1657,425,305,5744,0
1657,6475,1657,425,305,5745,0
1657,6476,1657,425,305,5746,0
1657,6477,1657,425,305,5747,0
1657,6478,1657,425,306,5747,0
1657,6479,1657,425,306,5748,0
1658,6482,1657,427,306,5749,0
1658,6483,1657,427,306,5750,0
1658,6484,1657,427,306,5751,0
1658,6485,1657,427,306,5752,0
1658,6486,1657,427,306,5753,0
1658,6487,1657,427,306,5754,0
1658,6488,1657,427,306,5755,0
1658,6489,1657,427,306,5756,0
1658,6490,1657,427,306,5757,0
1658,6491,1657,427,306,5758,0
1658,6492,1657,427,306,5759,0
1658,6493,1657,427,306,5760,0
1658,6494,1657,427,306,5761,0
1658,6495,1657,427,306,5762,0
1658,6496,1657,427,306,5763,0
1658,6497,1657,427,306,5764,0
1658,6498,1657,427,306,5765,0
1658,6499,1657,427,306,5766,0
1658,6500,1657,427,306,5767,0
1658,6501,1657,427,306,5768,0
1658,6502,1657,427,306,5769,0
1658,6503,1657,427,306,5770,0
1658,6504,1657,427,306,5771,0
1658,6505,1657,427,306,5772,0
1658,6506,1657,427,306,5773,0
1658,6507,1657,427,306,5774,0
1658,6508,1657,427,306,5775,0
1659,6509,1657,427,306,5776,0
1659,6510,1657,427,306,5777,0
1659,6511,1657,427,306,5778,0
1659,6512,1657,427,306,5779,0
1659,6513,1657,427,306,5780,0
1659,6514,1657,427,306,5781,0
1659,6515,1657,427,306,5782,0
1659,6516,1657,427,306,5783,0
1659,6517,1657,427,306,5784,0
1659,6518,1657,427,306,5785,0
1659,6519,1657,427,306,5786,0
1659,6520,1657,427,306,5787,0
1659,6521,1657,427,306,5788,0
1659,6522,1657,427,306,5789,0
1659,6523,1657,427,306,5790,0
1659,6524,1657,427,306,5791,0
1660,6525,1657,427,307,5791,0
1660,6526,1657,427,307,5792,0
1660,6527,1657,427,307,5793,0
1660,6528,1657,427,307,5794,0
1660,6529,1657,427,307,5795,0
1660,6532,1660,429,307,5796,0
1660,6533,1660,429,307,5797,0
1660,6534,1660,429,307,5798,0
1660,6535,1660,429,307,5799,0
1660,6536,1660,429,307,5800,0
1660,6537,1660,429,307,5801,0
1660,6538,1660,429,307,5802,0
1660,6539,1660,429,307,5803,0
1660,6540,1660,429,307,5804,0
1660,6541,1660,429,307,5805,0
1660,6542,1660,429,307,5806,0
1660,6543,1660,429,307,5807,0
1660,6544,1660,429,307,5808,0
1660,6545,1660,429,307,5809,0
1660,6546,1660,429,307,5810,0
1660,6547,1660,429,307,5811,0
1660,6548,1660,429,308,5811,0
1660,6549,1660,429,308,5812,0
1660,6550,1660,429,308,5813,0
1660,6551,1660,429,308,5814,0
1660,6552,1660,429,308,5815,0
1660,6553,1660,429,308,5816,0
1660,6554,1660,429,308,5817,0
1660,6555,1660,429,308,5818,0
1660,6556,1660,429,308,5819,0
1660,6557,1660,429,308,5820,0
1660,6558,1660,429,309,5820,0
1660,6560,1660,430,309,5821,0
1660,6561,1660,430,309,5822,0
1660,6563,1660,431,309,5823,0
1661,6566,1661,433,310,5823,0
1661,6567,1661,433,310,5824,0
1661,6568,1661,433,310,5825,0
1661,6569,1661,433,310,5826,0
1661,6570,1661,433,310,5827,0
1661,6572,1661,434,310,5828,0
1661,6573,1661,434,310,5829,0
1661,6574,1661,434,310,5830,0
1661,6575,1661,434,310,5831,0
1661,6576,1661,434,310,5832,0
1661,6577,1661,434,310,5833,0
1661,6578,1661,434,311,5833,0
1661,6579,1661,434,311,5834,0
1661,6580,1661,434,311,5835,0
1661,6581,1661,434,312,5835,0
1661,6582,1661,434,312,5836,0
1661,6583,1661,434,312,5837,0
1661,6584,1661,434,312,5838,0
1661,6585,1661,434,312,5839,0
1661,6586,1661,434,312,5840,0
1661,6587,1661,434,312,5841,0
1661,6588,1661,434,312,5842,0
1662,6589,1661,434,312,5843,0
1662,6590,1661,434,312,5844,0
1662,6591,1661,434,313,5844,0
1662,6592,1661,434,313,5845,0
1662,6593,1661,434,313,5846,0
1662,6594,1661,434,313,5847,0
1662,6595,1661,434,313,5848,0
1662,6596,1661,434,313,5849,0
1662,6597,1661,434,313,5850,0
1662,6598,1661,434,313,5851,0
1662,6599,1661,434,313,5852,0
1662,6600,1661,434,314,5852,0
1662,6601,1661,434,314,5853,0
1662,6603,1662,435,314,5854,0
1662,6605,1662,436,314,5855,0
1662,6608,1662,438,314,5856,0
1663,6610,1662,439,314,5857,0
1663,6611,1662,439,314,5858,0
1663,6612,1662,439,314,5859,0
1663,6613,1662,439,314,5860,0
1663,6614,1662,439,314,5861,0
1663,6615,1662,439,314,5862,0
1663,6616,1662,439,314,5863,0
1663,6617,1662,439,315,5863,0
1663,6618,1662,439,315,5864,0
1663,6619,1662,439,315,5865,0
1663,6620,1662,439,315,5866,0
1663,6621,1662,439,315,5867,0
1663,6622,1662,439,315,5868,0
1663,6623,1662,439,315,5869,0
1663,6624,1662,439,315,5870,0
1663,6625,1662,439,315,5871,0
1663,6627,1663,440,315,5872,0
1663,6628,1663,440,315,5873,0
1663,6629,1663,440,315,5874,0
1663,6630,1663,440,315,5875,0
1663,6631,1663,440,315,5876,0
1663,6632,1663,440,315,5877,0
1663,6633,1663,440,315,5878,0
1663,6634,1663,440,315,5879,0
1663,6635,1663,440,315,5880,0
1663,6636,1663,440,315,5881,0
1663,6637,1663,440,315,5882,0
1663,6638,1663,440,315,5883,0
1663,6639,1663,440,315,5884,0
1663,6640,1663,440,315,5885,0
1663,6641,1663,440,315,5886,0
1663,6642,1663,440,315,5887,0
1663,6643,1663,440,316,5887,0
1663,6644,1663,440,316,5888,0
1663,6645,1663,440,316,5889,0
1663,6646,1663,440,316,5890,0
1664,6647,1663,440,316,5891,0
1664,6648,1663,440,316,5892,0
1664,6649,1663,440,316,5893,0
1664,6650,1663,440,317,5893,0
1664,6651,1663,440,318,5893,0
1664,6652,1663,440,318,5894,0
1664,6653,1663,440,318,5895,0
1664,6654,1663,440,318,5896,0
1664,6655,1663,440,318,5897,0
1664,6657,1664,441,318,5898,0
1664,6658,1664,441,318,5899,0
1664,6659,1664,441,318,5900,0
1664,6660,1664,441,318,5901,0
1664,6661,1664,441,318,5902,0
1664,6662,1664,441,318,5903,0
1664,6663,1664,441,318,5904,0
1664,6664,1664,441,318,5905,0
1664,6665,1664,441,318,5906,0
1664,6666,1664,441,318,5907,0
1664,6667,1664,441,318,5908,0
1664,6668,1664,441,318,5909,0
1665,6669,1664,441,318,5910,0
1665,6670,1664,441,318,5911,0
1665,6671,1664,441,318,5912,0
1665,6672,1664,441,318,5913,0
1665,6675,1665,443,318,5914,0
1665,6676,1665,443,318,5915,0
1665,6677,1665,443,318,5916,0
1665,6678,1665,443,318,5917,0
1665,6679,1665,443,318,5918,0
1665,6680,1665,443,318,5919,0
1665,6681,1665,443,318,5920,0
1665,6682,1665,443,318,5921,0
1665,6683,1665,443,318,5922,0
1665,6684,1665,443,318,5923,0
1665,6685,1665,443,319,5923,0
1665,6686,1665,443,319,5924,0
1665,6687,1665,443,319,5925,0
1665,6688,1665,443,319,5926,0
1665,6689,1665,443,319,5927,0
1665,6690,1665,443,319,5928,0
1665,6691,1665,443,319,5929,0
1666,6692,1665,443,319,5930,0
1666,6693,1665,443,319,5931,0
1666,6694,1665,443,319,5932,0
1666,6695,1665,443,319,5933,0
1666,6696,1665,443,319,5934,0
1666,6697,1665,443,319,5935,0
1666,6698,1665,443,319,5936,0
1666,6699,1665,443,320,5936,0
1666,6700,1665,443,320,5937,0
1666,6701,1665,443,320,5938,0
1666,6703,1666,444,320,5939,0
1666,6704,1666,444,320,5940,0
1666,6705,1666,444,320,5941,0
1666,6706,1666,444,320,5942,0
1666,6707,1666,444,320,5943,0
1666,6709,1666,445,320,5944,0
1666,6710,1666,445,320,5945,0
1666,6711,1666,445,320,5946,0
1666,6712,1666,445,320,5947,0
1666,6713,1666,445,320,5948,0
1666,6714,1666,445,320,5949,0
1666,6715,1666,445,320,5950,0
1679,6716,1666,445,320,5951,0
1679,6717,1666,445,320,5952,0
1679,6718,1666,445,321,5952,0
1679,6719,1666,445,321,5953,0
1679,6720,1666,445,321,5954,0
1679,6721,1666,445,321,5955,0
1679,6722,1666,445,321,5956,0
1679,6724,1679,446,321,5957,0
1679,6725,1679,446,321,5958,0
1679,6726,1679,446,321,5959,0
1679,6727,1679,446,321,5960,0
1679,6729,1679,447,321,5961,0
1679,6730,1679,447,321,5962,0
1679,6731,1679,447,321,5963,0
1679,6732,1679,447,321,5964,0
1679,6733,1679,447,321,5965,0
1679,6734,1679,447,321,5966,0
1679,6735,1679,447,321,5967,0
1679,6736,1679,447,321,5968,0
1679,6737,1679,447,321,5969,0
1679,6738,1679,447,321,5970,0
1679,6739,1679,447,321,5971,0
1679,6740,1679,447,321,5972,0
1680,6741,1679,447,321,5973,0
1680,6742,1679,447,321,5974,0
1680,6743,1679,447,321,5975,0
1680,6744,1679,447,321,5976,0
1680,6745,1679,447,321,5977,0
1680,6746,1679,447,321,5978,0
1680,6747,1679,447,321,5979,0
1680,6748,1679,447,321,5980,0
1680,6749,1679,447,321,5981,0
1680,6750,1679,447,321,5982,0
1681,6751,1679,447,321,5983,0
1681,6752,1679,447,321,5984,0
1681,6753,1679,447,321,5985,0
1681,6754,1679,447,321,5986,0
1681,6755,1679,447,321,5987,0
1681,6756,1679,447,321,5988,0
1681,6757,1679,447,321,5989,0
1681,6758,1679,447,321,5990,0
1681,6759,1679,447,321,5991,0
1681,6760,1679,447,321,5992,0
1681,6761,1679,447,321,5993,0
1681,6762,1679,447,321,5994,0
1681,6763,1679,447,321,5995,0
1681,6764,1679,447,321,5996,0
1681,6765,1679,447,321,5997,0
1681,6766,1679,447,322,5997,0
1681,6767,1679,447,322,5998,0
1681,6768,1679,447,322,5999,0
1681,6769,1679,447,322,6000,0
1681,6770,1679,447,322,6001,0
1681,6771,1679,447,322,6002,0
1681,6772,1679,447,322,6003,0
1681,6773,1679,447,322,6004,0
1681,6774,1679,447,322,6005,0
1681,6775,1679,447,322,6006,0
1681,6776,1679,447,322,6007,0
1681,6777,1679,447,322,6008,0
1681,6779,1681,448,322,6009,0
1681,6780,1681,448,322,6010,0
1681,6781,1681,448,322,6011,0
1681,6782,1681,448,322,6012,0
1681,6783,1681,448,322,6013,0
1681,6784,1681,448,322,6014,0
1681,6785,1681,448,322,6015,0
1681,6786,1681,448,322,6016,0
1681,6787,1681,448,322,6017,0
1681,6788,1681,448,322,6018,0
1682,6789,1681,448,322,6019,0
1682,6790,1681,448,322,6020,0
1682,6791,1681,448,322,6021,0
1682,6792,1681,448,322,6022,0
1682,6793,1681,448,322,6023,0
1682,6794,1681,448,322,6024,0
1682,6795,1681,448,322,6025,0
1693,6796,1681,448,322,6026,0
1693,6797,1681,448,322,6027,0
1693,6798,1681,448,322,6028,0
1693,6799,1681,448,322,6029,0
1693,6800,1681,448,322,6030,0
1693,6801,1681,448,322,6031,0
1693,6802,1681,448,322,6032,0
1693,6803,1681,448,322,6033,0
1693,6804,1681,448,322,6034,0
1693,6805,1681,448,322,6035,0
1693,6806,1681,448,322,6036,0
1693,6807,1681,448,322,6037,0
1693,6808,1681,448,322,6038,0
1693,6809,1681,448,322,6039,0
1693,6810,1681,448,322,6040,0
1693,6811,1681,448,322,6041,0
1693,6812,1681,448,322,6042,0
1693,6813,1681,448,322,6043,0
1693,6814,1681,448,322,6044,0
1735,6815,1681,448,322,6045,0
1736,6816,1681,448,322,6046,0
1736,6817,1681,448,323,6046,0
1737,6819,1736,449,323,6047,0
1737,6820,1736,449,323,6048,0
1737,6821,1736,449,323,6049,0
1737,6823,1737,450,323,6050,0
1739,6824,1737,450,323,6051,0
1739,6825,1737,450,324,6051,0
1739,6826,1737,450,324,6052,0
1739,6827,1737,450,324,6053,0
1739,6828,1737,450,324,6054,0
1739,6829,1737,450,324,6055,0
1739,6830,1737,450,324,6056,0
1739,6832,1739,451,324,6057,0
1739,6833,1739,451,324,6058,0
1740,6834,1739,451,324,6059,0
1740,6835,1739,451,324,6060,0
1740,6836,1739,451,324,6061,0
1740,6837,1739,451,324,6062,0
1740,6838,1739,451,324,6063,0
1740,6839,1739,451,324,6064,0
1740,6840,1739,451,324,6065,0
1754,6841,1739,451,324,6066,0
1754,6842,1739,451,324,6067,0
1754,6843,1739,451,324,6068,0
1755,6844,1739,451,324,6069,0
1755,6845,1739,451,324,6070,0
1757,6846,1739,451,324,6071,0
1757,6847,1739,451,324,6072,0
1757,6848,1739,451,324,6073,0
1757,6849,1739,451,324,6074,0
1757,6850,1739,451,324,6075,0
1757,6851,1739,451,324,6076,0
1757,6852,1739,451,324,6077,0
1757,6853,1739,451,324,6078,0
1757,6854,1739,451,324,6079,0
1757,6855,1739,451,324,6080,0
1757,6856,1739,451,324,6081,0
1757,6857,1739,451,324,6082,0
1757,6859,1757,452,324,6083,0
1757,6860,1757,452,324,6084,0
1757,6862,1757,453,324,6085,0
1757,6863,1757,453,324,6086,0
1757,6865,1757,454,324,6087,0
1757,6866,1757,454,325,6087,0
1757,6867,1757,454,325,6088,0
1758,6869,1757,455,325,6089,0
1758,6870,1757,455,325,6090,0
1758,6871,1757,455,325,6091,0
1758,6872,1757,455,325,6092,0
1758,6873,1757,455,325,6093,0
1758,6874,1757,455,325,6094,0
1758,6875,1757,455,326,6094,0
1758,6876,1757,455,326,6095,0
1758,6877,1757,455,326,6096,0
1758,6878,1757,455,326,6097,0
1758,6880,1758,456,326,6098,0
1758,6881,1758,456,326,6099,0
1758,6882,1758,456,326,6100,0
1758,6883,1758,456,326,6101,0
1758,6884,1758,456,326,6102,0
1758,6885,1758,456,326,6103,0
1758,6886,1758,456,326,6104,0
1758,6887,1758,456,326,6105,0
1758,6888,1758,456,326,6106,0
1758,6889,1758,456,326,6107,0
1758,6890,1758,456,326,6108,0
1758,6891,1758,456,326,6109,0
1758,6892,1758,456,326,6110,0
1759,6893,1758,456,326,6111,0
1759,6894,1758,456,326,6112,0
1759,6895,1758,456,326,6113,0
1759,6896,1758,456,326,6114,0
1759,6897,1758,456,327,6114,0
1759,6898,1758,456,327,6115,0
1759,6899,1758,456,327,6116,0
1759,6900,1758,456,327,6117,0
1759,6901,1758,456,327,6118,0
1759,6902,1758,456,327,6119,0
1759,6903,1758,456,327,6120,0
1759,6904,1758,456,327,6121,0
1759,6905,1758,456,327,6122,0
1759,6906,1758,456,327,6123,0
1759,6907,1758,456,327,6124,0
1759,6908,1758,456,327,6125,0
1759,6909,1758,456,327,6126,0
1759,6910,1758,456,327,6127,0
1759,6911,1758,456,327,6128,0
1759,6912,1758,456,327,6129,0
1760,6913,1758,456,327,6130,0
1760,6916,1760,458,327,6131,0
1760,6917,1760,458,327,6132,0
1760,6918,1760,458,327,6133,0
1760,6919,1760,458,327,6134,0
1760,6920,1760,458,327,6135,0
1760,6921,1760,458,327,6136,0
1760,6922,1760,458,327,6137,0
1760,6923,1760,458,327,6138,0
1760,6924,1760,458,328,6138,0
1760,6925,1760,458,328,6139,0
1760,6926,1760,458,328,6140,0
1760,6927,1760,458,328,6141,0
1760,6928,1760,458,328,6142,0
1760,6929,1760,458,328,6143,0
1760,6931,1760,459,329,6143,0
1760,6932,1760,459,329,6144,0
1760,6933,1760,459,329,6145,0
1760,6934,1760,459,329,6146,0
1760,6935,1760,459,329,6147,0
1760,6936,1760,459,329,6148,0
1760,6937,1760,459,330,6148,0
1760,6938,1760,459,330,6149,0
1760,6939,1760,459,330,6150,0
1760,6940,1760,459,330,6151,0
1760,6941,1760,459,330,6152,0
1760,6942,1760,459,330,6153,0
1760,6943,1760,459,330,6154,0
1760,6944,1760,459,330,6155,0
1760,6945,1760,459,330,6156,0
1760,6946,1760,459,330,6157,0
1760,6947,1760,459,330,6158,0
1760,6949,1760,460,330,6159,0
1760,6950,1760,460,330,6160,0
1760,6951,1760,460,330,6161,0
1761,6952,1760,460,330,6162,0
1761,6953,1760,460,330,6163,0
1761,6955,1761,461,330,6164,0
1761,6956,1761,461,330,6165,0
1761,6957,1761,461,330,6166,0
1761,6958,1761,461,330,6167,0
1761,6959,1761,461,330,6168,0
1761,6960,1761,461,330,6169,0
1761,6961,1761,461,330,6170,0
1761,6962,1761,461,330,6171,0
1761,6963,1761,461,330,6172,0
1761,6964,1761,461,330,6173,0
1761,6965,1761,461,330,6174,0
1761,6966,1761,461,330,6175,0
1761,6967,1761,461,330,6176,0
1761,6968,1761,461,330,6177,0
1761,6969,1761,461,330,6178,0
1761,6970,1761,461,330,6179,0
1761,6971,1761,461,330,6180,0
1761,6972,1761,461,330,6181,0
1761,6973,1761,461,330,6182,0
1761,6974,1761,461,330,6183,0
1761,6975,1761,461,330,6184,0
1761,6976,1761,461,330,6185,0
1761,6977,1761,461,330,6186,0
1761,6978,1761,461,330,6187,0
1762,6979,1761,461,330,6188,0
1762,6980,1761,461,330,6189,0
1762,6981,1761,461,330,6190,0
1762,6982,1761,461,330,6191,0
1762,6983,1761,461,330,6192,0
1762,6985,1762,462,330,6193,0
1762,6986,1762,462,330,6194,0
1762,6987,1762,462,330,6195,0
1762,6988,1762,462,330,6196,0
1762,6989,1762,462,330,6197,0
1762,6990,1762,462,330,6198,0
1762,6991,1762,462,330,6199,0
1762,6992,1762,462,330,6200,0
1762,6993,1762,462,330,6201,0
1762,6994,1762,462,330,6202,0
1762,6995,1762,462,330,6203,0
1762,6996,1762,462,330,6204,0
1762,6997,1762,462,330,6205,0
1762,6998,1762,462,330,6206,0
1762,6999,1762,462,330,6207,0
1762,7000,1762,462,330,6208,0
1762,7001,1762,462,330,6209,0
1762,7002,1762,462,331,6209,0
1762,7003,1762,462,331,6210,0
1762,7004,1762,462,331,6211,0
1762,7005,1762,462,331,6212,0
1762,7006,1762,462,331,6213,0
1762,7007,1762,462,331,6214,0
1762,7008,1762,462,331,6215,0
1762,7009,1762,462,331,6216,0
1762,7010,1762,462,331,6217,0
1762,7012,1762,463,331,6218,0
1762,7013,1762,463,331,6219,0
1762,7014,1762,463,331,6220,0
1762,7015,1762,463,331,6221,0
1762,7016,1762,463,331,6222,0
1762,7017,1762,463,331,6223,0
1762,7018,1762,463,331,6224,0
1762,7019,1762,463,331,6225,0
1762,7020,1762,463,331,6226,0
1762,7021,1762,463,331,6227,0
1762,7022,1762,463,331,6228,0
1762,7023,1762,463,331,6229,0
1763,7024,1762,463,331,6230,0
1763,7025,1762,463,332,6230,0
1763,7026,1762,463,332,6231,0
1763,7027,1762,463,332,6232,0
1763,7029,1763,464,332,6233,0
1763,7030,1763,464,332,6234,0
1763,7031,1763,464,332,6235,0
1763,7032,1763,464,332,6236,0
1763,7033,1763,464,332,6237,0
1763,7034,1763,464,332,6238,0
1763,7035,1763,464,332,6239,0
1763,7036,1763,464,332,6240,0
1763,7037,1763,464,332,6241,0
1763,7038,1763,464,332,6242,0
1763,7039,1763,464,333,6242,0
1763,7040,1763,464,333,6243,0
1763,7041,1763,464,333,6244,0
1763,7042,1763,464,333,6245,0
1763,7043,1763,464,333,6246,0
1763,7045,1763,465,333,6247,0
1763,7046,1763,465,333,6248,0
1764,7047,1763,465,333,6249,0
1764,7048,1763,465,333,6250,0
1764,7049,1763,465,333,6251,0
1764,7050,1763,465,333,6252,0
1764,7051,1763,465,333,6253,0
1764,7052,1763,465,333,6254,0
1764,7053,1763,465,333,6255,0
1764,7054,1763,465,333,6256,0
1764,7055,1763,465,333,6257,0
1764,7056,1763,465,333,6258,0
1764,7057,1763,465,333,6259,0
1764,7058,1763,465,333,6260,0
1764,7059,1763,465,333,6261,0
1764,7060,1763,465,333,6262,0
1764,7061,1763,465,333,6263,0
1764,7062,1763,465,334,6263,0
1764,7063,1763,465,334,6264,0
1764,7064,1763,465,334,6265,0
1764,7065,1763,465,334,6266,0
1764,7066,1763,465,334,6267,0
1764,7067,1763,465,334,6268,0
1764,7068,1763,465,334,6269,0
1764,7069,1763,465,334,6270,0
1765,7071,1764,466,334,6271,0
1765,7072,1764,466,334,6272,0
1765,7073,1764,466,334,6273,0
1765,7074,1764,466,335,6273,0
1765,7075,1764,466,335,6274,0
1765,7076,1764,466,335,6275,0
1765,7078,1765,467,335,6276,0
1765,7079,1765,467,335,6277,0
1765,7080,1765,467,335,6278,0
1765,7081,1765,467,335,6279,0
1765,7082,1765,467,335,6280,0
1765,7083,1765,467,335,6281,0
1765,7084,1765,467,335,6282,0
1765,7085,1765,467,335,6283,0
1765,7086,1765,467,335,6284,0
1765,7087,1765,467,335,6285,0
1765,7088,1765,467,335,6286,0
1765,7089,1765,467,335,6287,0
1765,7090,1765,467,335,6288,0
1765,7091,1765,467,335,6289,0
1765,7092,1765,467,335,6290,0
1766,7093,1765,467,335,6291,0
1766,7094,1765,467,335,6292,0
1766,7095,1765,467,335,6293,0
1766,7096,1765,467,335,6294,0
1766,7097,1765,467,335,6295,0
1766,7098,1765,467,335,6296,0
1779,7099,1765,467,335,6297,0
1779,7100,1765,467,335,6298,0
1779,7101,1765,467,335,6299,0
1779,7102,1765,467,335,6300,0
1779,7103,1765,467,335,6301,0
1779,7104,1765,467,335,6302,0
1779,7105,1765,467,335,6303,0
1779,7106,1765,467,335,6304,0
1779,7107,1765,467,335,6305,0
1779,7109,1779,468,335,6306,0
1779,7111,1779,469,335,6307,0
1779,7112,1779,469,335,6308,0
1779,7113,1779,469,335,6309,0
1779,7114,1779,469,335,6310,0
1779,7115,1779,469,335,6311,0
1779,7116,1779,469,335,6312,0
1779,7117,1779,469,335,6313,0
1779,7118,1779,469,336,6313,0
1779,7119,1779,469,336,6314,0
1779,7120,1779,469,337,6314,0
1779,7121,1779,469,337,6315,0
1779,7123,1779,470,337,6316,0
1779,7124,1779,470,337,6317,0
1779,7125,1779,470,337,6318,0
1779,7126,1779,470,337,6319,0
1779,7127,1779,470,337,6320,0
1779,7129,1779,471,337,6321,0
1780,7130,1779,471,337,6322,0
1780,7131,1779,471,337,6323,0
1780,7132,1779,471,337,6324,0
1780,7133,1779,471,337,6325,0
1780,7134,1779,471,337,6326,0
1780,7135,1779,471,337,6327,0
1780,7136,1779,471,337,6328,0
1780,7137,1779,471,337,6329,0
1780,7138,1779,471,337,6330,0
1780,7139,1779,471,337,6331,0
1780,7140,1779,471,337,6332,0
1780,7141,1779,471,337,6333,0
1780,7142,1779,471,337,6334,0
1780,7143,1779,471,337,6335,0
1780,7144,1779,471,337,6336,0
1780,7145,1779,471,337,6337,0
1780,7146,1779,471,337,6338,0
1780,7147,1779,471,337,6339,0
1780,7148,1779,471,337,6340,0
1780,7149,1779,471,337,6341,0
1780,7150,1779,471,337,6342,0
1780,7151,1779,471,337,6343,0
1780,7152,1779,471,337,6344,0
1781,7153,1779,471,337,6345,0
1781,7154,1779,471,337,6346,0
1781,7155,1779,471,337,6347,0
1781,7156,1779,471,337,6348,0
1781,7157,1779,471,337,6349,0
1781,7158,1779,471,337,6350,0
1781,7159,1779,471,337,6351,0
1781,7160,1779,471,337,6352,0
1781,7161,1779,471,337,6353,0
1781,7162,1779,471,337,6354,0
1781,7163,1779,471,337,6355,0
1781,7164,1779,471,337,6356,0
1781,7165,1779,471,337,6357,0
1781,7166,1779,471,337,6358,0
1781,7167,1779,471,337,6359,0
1781,7168,1779,471,337,6360,0
1781,7169,1779,471,337,6361,0
1781,7170,1779,471,337,6362,0
1781,7172,1781,472,337,6363,0
1781,7173,1781,472,337,6364,0
1782,7174,1781,472,337,6365,0
1782,7175,1781,472,338,6365,0
1782,7176,1781,472,338,6366,0
1782,7177,1781,472,338,6367,0
1782,7178,1781,472,338,6368,0
1782,7180,1782,473,338,6369,0
1793,7181,1782,473,338,6370,0
1793,7182,1782,473,338,6371,0
1793,7183,1782,473,338,6372,0
1793,7184,1782,473,338,6373,0
1793,7185,1782,473,338,6374,0
1793,7186,1782,473,338,6375,0
1793,7187,1782,473,338,6376,0
1793,7188,1782,473,338,6377,0
1793,7189,1782,473,338,6378,0
1793,7190,1782,473,338,6379,0
1793,7191,1782,473,338,6380,0
1793,7192,1782,473,338,6381,0
1793,7193,1782,473,338,6382,0
1793,7194,1782,473,338,6383,0
1793,7195,1782,473,338,6384,0
1793,7196,1782,473,338,6385,0
1835,7197,1782,473,338,6386,0
1836,7198,1782,473,338,6387,0
1836,7199,1782,473,338,6388,0
1837,7201,1837,474,339,6388,0
1837,7202,1837,474,339,6389,0
1837,7203,1837,474,339,6390,0
1837,7204,1837,474,339,6391,0
1837,7205,1837,474,340,6391,0
1839,7208,1837,476,340,6392,0
1839,7209,1837,476,341,6392,0
1839,7210,1837,476,341,6393,0
1839,7211,1837,476,341,6394,0
1839,7212,1837,476,341,6395,0
1839,7213,1837,476,341,6396,0
1839,7214,1837,476,341,6397,0
1839,7215,1837,476,342,6397,0
1839,7216,1837,476,342,6398,0
1839,7218,1839,477,342,6399,0
1840,7220,1839,478,342,6400,0
1840,7221,1839,478,342,6401,0
1840,7222,1839,478,342,6402,0
1840,7223,1839,478,342,6403,0
1840,7224,1839,478,342,6404,0
1840,7225,1839,478,342,6405,0
1840,7226,1839,478,342,6406,0
1854,7227,1839,478,342,6407,0
1854,7228,1839,478,342,6408,0
1855,7229,1839,478,342,6409,0
1855,7230,1839,478,342,6410,0
1857,7231,1839,478,342,6411,0
1857,7232,1839,478,342,6412,0
1857,7233,1839,478,342,6413,0
1857,7234,1839,478,342,6414,0
1857,7235,1839,478,343,6414,0
1857,7236,1839,478,343,6415,0
1857,7237,1839,478,343,6416,0
1857,7238,1839,478,343,6417,0
1857,7239,1839,478,343,6418,0
1857,7240,1839,478,343,6419,0
1857,7241,1839,478,343,6420,0
1857,7243,1857,479,343,6421,0
1857,7244,1857,479,343,6422,0
1857,7245,1857,479,343,6423,0
1857,7246,1857,479,343,6424,0
1857,7247,1857,479,343,6425,0
1857,7248,1857,479,343,6426,0
1857,7249,1857,479,343,6427,0
1858,7250,1857,479,343,6428,0
1858,7251,1857,479,343,6429,0
1858,7252,1857,479,343,6430,0
1858,7253,1857,479,343,6431,0
1858,7254,1857,479,343,6432,0
1858,7255,1857,479,343,6433,0
1858,7256,1857,479,343,6434,0
1858,7257,1857,479,343,6435,0
1858,7258,1857,479,343,6436,0
1858,7259,1857,479,343,6437,0
1858,7260,1857,479,343,6438,0
1858,7261,1857,479,343,6439,0
1858,7262,1857,479,343,6440,0
1858,7263,1857,479,343,6441,0
1858,7264,1857,479,343,6442,0
1858,7265,1857,479,343,6443,0
1858,7266,1857,479,343,6444,0
1858,7267,1857,479,343,6445,0
1858,7268,1857,479,343,6446,0
1858,7269,1857,479,343,6447,0
1858,7270,1857,479,343,6448,0
1858,7271,1857,479,343,6449,0
1858,7272,1857,479,343,6450,0
1859,7274,1858,480,344,6450,0
1859,7275,1858,480,344,6451,0
1859,7276,1858,480,344,6452,0
1859,7277,1858,480,345,6452,0
1859,7278,1858,480,345,6453,0
1859,7280,1859,481,345,6454,0
1859,7281,1859,481,345,6455,0
1859,7282,1859,481,345,6456,0
1859,7283,1859,481,345,6457,0
1859,7284,1859,481,345,6458,0
1859,7285,1859,481,345,6459,0
1859,7286,1859,481,345,6460,0
1859,7287,1859,481,345,6461,0
1859,7289,1859,482,345,6462,0
1859,7290,1859,482,345,6463,0
1859,7291,1859,482,345,6464,0
1859,7292,1859,482,346,6464,0
1859,7293,1859,482,346,6465,0
1859,7294,1859,482,346,6466,0
1859,7295,1859,482,346,6467,0
1859,7296,1859,482,346,6468,0
1859,7297,1859,482,347,6468,0
1859,7298,1859,482,347,6469,0
1859,7299,1859,482,347,6470,0
1859,7300,1859,482,347,6471,0
1860,7301,1859,482,347,6472,0
1860,7303,1860,483,347,6473,0
1860,7304,1860,483,347,6474,0
1860,7305,1860,483,347,6475,0
1860,7306,1860,483,347,6476,0
1860,7308,1860,484,347,6477,0
1860,7309,1860,484,347,6478,0
1860,7310,1860,484,347,6479,0
1860,7311,1860,484,347,6480,0
1860,7312,1860,484,347,6481,0
1860,7313,1860,484,347,6482,0
1860,7314,1860,484,347,6483,0
1860,7315,1860,484,347,6484,0
1860,7316,1860,484,347,6485,0
1860,7317,1860,484,347,6486,0
1860,7318,1860,484,347,6487,0
1860,7319,1860,484,347,6488,0
1860,7320,1860,484,347,6489,0
1860,7321,1860,484,347,6490,0
1860,7322,1860,484,347,6491,0
1860,7323,1860,484,347,6492,0
1860,7324,1860,484,348,6492,0
1860,7325,1860,484,348,6493,0
1860,7326,1860,484,348,6494,0
1860,7327,1860,484,348,6495,0
1860,7329,1860,485,348,6496,0
1860,7330,1860,485,348,6497,0
1860,7332,1860,486,348,6498,0
1860,7333,1860,486,348,6499,0
1860,7334,1860,486,348,6500,0
1860,7335,1860,486,349,6500,0
1860,7336,1860,486,349,6501,0
1861,7337,1860,486,349,6502,0
1861,7338,1860,486,350,6502,0
1861,7339,1860,486,350,6503,0
1861,7341,1861,487,350,6504,0
1861,7343,1861,488,350,6505,0
1861,7344,1861,488,350,6506,0
1861,7345,1861,488,350,6507,0
1861,7346,1861,488,350,6508,0
1861,7347,1861,488,350,6509,0
1861,7348,1861,488,350,6510,0
1861,7349,1861,488,350,6511,0
1861,7350,1861,488,350,6512,0
1861,7351,1861,488,350,6513,0
1861,7352,1861,488,350,6514,0
1861,7353,1861,488,350,6515,0
1861,7354,1861,488,350,6516,0
1861,7355,1861,488,350,6517,0
1861,7356,1861,488,350,6518,0
1861,7357,1861,488,350,6519,0
1861,7358,1861,488,350,6520,0
1861,7359,1861,488,350,6521,0
1861,7360,1861,488,350,6522,0
1861,7361,1861,488,350,6523,0
1861,7362,1861,488,350,6524,0
1861,7363,1861,488,350,6525,0
1862,7364,1861,488,350,6526,0
1862,7365,1861,488,350,6527,0
1862,7366,1861,488,350,6528,0
1862,7367,1861,488,350,6529,0
1862,7368,1861,488,350,6530,0
1862,7369,1861,488,350,6531,0
1862,7370,1861,488,350,6532,0
1862,7371,1861,488,350,6533,0
1862,7372,1861,488,350,6534,0
1862,7373,1861,488,350,6535,0
1862,7374,1861,488,350,6536,0
1862,7375,1861,488,350,6537,0
1862,7376,1861,488,350,6538,0
1862,7377,1861,488,350,6539,0
1862,7378,1861,488,350,6540,0
1862,7379,1861,488,350,6541,0
1862,7380,1861,488,350,6542,0
1862,7381,1861,488,350,6543,0
1862,7382,1861,488,350,6544,0
1862,7383,1861,488,350,6545,0
1862,7384,1861,488,350,6546,0
1862,7385,1861,488,350,6547,0
1862,7386,1861,488,350,6548,0
1862,7387,1861,488,350,6549,0
1862,7388,1861,488,350,6550,0
1862,7389,1861,488,350,6551,0
1862,7390,1861,488,350,6552,0
1862,7391,1861,488,350,6553,0
1862,7392,1861,488,350,6554,0
1862,7393,1861,488,350,6555,0
1862,7394,1861,488,350,6556,0
1862,7395,1861,488,350,6557,0
1862,7396,1861,488,350,6558,0
1862,7397,1861,488,350,6559,0
1863,7398,1861,488,350,6560,0
1863,7399,1861,488,350,6561,0
1863,7400,1861,488,350,6562,0
1863,7401,1861,488,350,6563,0
1863,7402,1861,488,350,6564,0
1863,7403,1861,488,350,6565,0
1863,7404,1861,488,350,6566,0
1863,7405,1861,488,350,6567,0
1863,7406,1861,488,350,6568,0
1863,7407,1861,488,350,6569,0
1863,7408,1861,488,350,6570,0
1863,7409,1861,488,350,6571,0
1863,7410,1861,488,350,6572,0
1863,7411,1861,488,350,6573,0
1863,7412,1861,488,350,6574,0
1863,7413,1861,488,350,6575,0
1863,7414,1861,488,350,6576,0
1863,7415,1861,488,350,6577,0
1863,7416,1861,488,350,6578,0
1863,7417,1861,488,350,6579,0
1863,7418,1861,488,350,6580,0
1863,7419,1861,488,350,6581,0
1863,7420,1861,488,350,6582,0
1863,7421,1861,488,350,6583,0
1863,7422,1861,488,350,6584,0
1863,7423,1861,488,350,6585,0
1863,7424,1861,488,350,6586,0
1863,7425,1861,488,350,6587,0
1863,7426,1861,488,350,6588,0
1863,7427,1861,488,350,6589,0
1863,7428,1861,488,350,6590,0
1864,7429,1861,488,350,6591,0
1864,7430,1861,488,350,6592,0
1864,7431,1861,488,350,6593,0
1864,7432,1861,488,350,6594,0
1864,7433,1861,488,350,6595,0
1864,7434,1861,488,350,6596,0
1864,7435,1861,488,350,6597,0
1864,7436,1861,488,351,6597,0
1864,7437,1861,488,351,6598,0
1864,7438,1861,488,351,6599,0
1864,7439,1861,488,351,6600,0
1864,7440,1861,488,351,6601,0
1864,7441,1861,488,351,6602,0
1864,7442,1861,488,351,6603,0
1864,7443,1861,488,351,6604,0
1864,7445,1864,489,351,6605,0
1864,7446,1864,489,351,6606,0
1864,7447,1864,489,352,6606,0
1864,7448,1864,489,353,6606,0
1864,7449,1864,489,353,6607,0
1866,7452,1864,491,353,6608,0
1866,7453,1864,491,353,6609,0
1866,7454,1864,491,353,6610,0
1866,7455,1864,491,353,6611,0
1866,7456,1864,491,354,6611,0
1866,7457,1864,491,354,6612,0
1866,7458,1864,491,354,6613,0
1866,7459,1864,491,354,6614,0
1866,7460,1864,491,354,6615,0
1866,7461,1864,491,354,6616,0
1866,7462,1864,491,354,6617,0
1866,7463,1864,491,354,6618,0
1866,7464,1864,491,354,6619,0
1866,7465,1864,491,354,6620,0
1866,7466,1864,491,354,6621,0
1866,7467,1864,491,354,6622,0
1866,7468,1864,491,354,6623,0
1866,7469,1864,491,354,6624,0
1866,7470,1864,491,354,6625,0
1866,7471,1864,491,354,6626,0
1866,7472,1864,491,354,6627,0
1866,7473,1864,491,354,6628,0
1866,7475,1866,492,354,6629,0
1866,7476,1866,492,354,6630,0
1866,7477,1866,492,354,6631,0
1866,7478,1866,492,354,6632,0
1866,7479,1866,492,354,6633,0
1867,7480,1866,492,354,6634,0
1867,7482,1867,493,355,6634,0
1867,7483,1867,493,355,6635,0
1867,7484,1867,493,355,6636,0
1867,7485,1867,493,355,6637,0
1879,7486,1867,493,355,6638,0
1879,7488,1879,494,355,6639,0
1879,7489,1879,494,355,6640,0
1879,7490,1879,494,355,6641,0
1879,7491,1879,494,355,6642,0
1879,7492,1879,494,355,6643,0
1879,7493,1879,494,355,6644,0
1879,7494,1879,494,355,6645,0
1879,7495,1879,494,355,6646,0
1879,7496,1879,494,355,6647,0
1879,7497,1879,494,355,6648,0
1879,7498,1879,494,355,6649,0
1879,7499,1879,494,355,6650,0
1879,7500,1879,494,355,6651,0
1879,7501,1879,494,355,6652,0
1879,7502,1879,494,355,6653,0
1879,7503,1879,494,355,6654,0
1879,7504,1879,494,355,6655,0
1879,7505,1879,494,355,6656,0
1879,7506,1879,494,355,6657,0
1879,7507,1879,494,355,6658,0
1879,7508,1879,494,355,6659,0
1879,7509,1879,494,355,6660,0
1879,7510,1879,494,355,6661,0
1879,7511,1879,494,355,6662,0
1879,7512,1879,494,355,6663,0
1879,7513,1879,494,355,6664,0
1879,7514,1879,494,355,6665,0
1879,7515,1879,494,355,6666,0
1879,7516,1879,494,355,6667,0
1879,7517,1879,494,355,6668,0
1879,7518,1879,494,355,6669,0
1879,7519,1879,494,355,6670,0
1879,7520,1879,494,355,6671,0
1879,7521,1879,494,355,6672,0
1881,7522,1879,494,355,6673,0
1881,7523,1879,494,355,6674,0
1881,7524,1879,494,355,6675,0
1881,7525,1879,494,355,6676,0
1881,7526,1879,494,355,6677,0
1881,7527,1879,494,355,6678,0
1881,7528,1879,494,355,6679,0
1881,7529,1879,494,355,6680,0
1881,7530,1879,494,355,6681,0
1881,7531,1879,494,355,6682,0
1881,7532,1879,494,355,6683,0
1881,7533,1879,494,355,6684,0
1881,7534,1879,494,355,6685,0
1881,7535,1879,494,355,6686,0
1881,7536,1879,494,355,6687,0
1881,7537,1879,494,355,6688,0
1881,7538,1879,494,355,6689,0
1881,7539,1879,494,355,6690,0
1881,7540,1879,494,355,6691,0
1881,7541,1879,494,355,6692,0
1881,7542,1879,494,355,6693,0
1881,7543,1879,494,355,6694,0
1881,7544,1879,494,355,6695,0
1881,7545,1879,494,355,6696,0
1881,7546,1879,494,355,6697,0
1881,7547,1879,494,355,6698,0
1881,7548,1879,494,355,6699,0
1881,7549,1879,494,355,6700,0
1881,7550,1879,494,355,6701,0
1881,7551,1879,494,355,6702,0
1882,7552,1879,494,355,6703,0
1882,7553,1879,494,355,6704,0
1882,7554,1879,494,355,6705,0
1882,7555,1879,494,355,6706,0
1882,7556,1879,494,355,6707,0
1883,7557,1879,494,355,6708,0
1883,7558,1879,494,355,6709,0
1883,7559,1879,494,355,6710,0
1883,7560,1879,494,355,6711,0
1883,7561,1879,494,355,6712,0
1883,7562,1879,494,355,6713,0
1883,7563,1879,494,356,6713,0
1883,7564,1879,494,356,6714,0
1894,7566,1883,495,356,6715,0
1894,7567,1883,495,356,6716,0
1894,7568,1883,495,356,6717,0
1894,7569,1883,495,356,6718,0
1894,7570,1883,495,356,6719,0
1894,7571,1883,495,356,6720,0
1894,7572,1883,495,356,6721,0
1894,7573,1883,495,356,6722,0
1894,7574,1883,495,356,6723,0
1894,7575,1883,495,356,6724,0
1894,7576,1883,495,356,6725,0
1894,7577,1883,495,356,6726,0
1894,7578,1883,495,356,6727,0
1894,7579,1883,495,356,6728,0
1894,7580,1883,495,356,6729,0
1894,7581,1883,495,356,6730,0
1894,7582,1883,495,356,6731,0
1937,7583,1883,495,357,6731,0
1937,7584,1883,495,358,6731,0
1937,7587,1937,497,358,6732,0
1937,7588,1937,497,358,6733,0
1939,7589,1937,497,358,6734,0
1939,7590,1937,497,358,6735,0
1939,7591,1937,497,358,6736,0
1939,7592,1937,497,358,6737,0
1939,7593,1937,497,358,6738,0
1939,7594,1937,497,358,6739,0
1939,7595,1937,497,358,6740,0
1940,7596,1937,497,358,6741,0
1941,7597,1937,497,358,6742,0
1941,7598,1937,497,359,6742,0
1941,7599,1937,497,359,6743,0
1941,7600,1937,497,359,6744,0
1941,7601,1937,497,359,6745,0
1941,7602,1937,497,359,6746,0
1941,7603,1937,497,359,6747,0
1941,7604,1937,497,360,6747,0
1941,7606,1941,498,360,6748,0
1941,7607,1941,498,360,6749,0
1942,7608,1941,498,360,6750,0
1942,7609,1941,498,360,6751,0
1942,7610,1941,498,361,6751,0
1942,7611,1941,498,361,6752,0
1942,7612,1941,498,361,6753,0
1942,7614,1942,499,361,6754,0
1942,7615,1942,499,361,6755,0
1942,7616,1942,499,361,6756,0
1942,7618,1942,500,361,6757,0
